0.046896
0.091082
0.033949
0.063288
0.098164
0.032570
0.029221
0.048851
0.105784
0.081362
-0.035764
-0.038988
0.038141
0.059129
-0.043141
0.034844
0.039384
0.025469
-0.012023
-0.024330
-0.026521
-0.012811
-0.035505
-0.063224
-0.089364
-0.065248
-0.096381
-0.097523
-0.112747
-0.117589
-0.113970
-0.164249
-0.163290
-0.235596
-0.246107
-0.286482
-0.307955
1.015740
5.213389
5.505757
4.057814
3.647382
3.580827
3.549961
3.222572
2.884845
2.847261
2.867864
2.864379
2.888172
2.850043
2.928556
2.906711
2.817825
2.809885
2.889391
2.818747
2.806628
2.776496
2.716030
2.031095
