0.010948
-0.010421
-0.002990
-0.002110
0.003167
0.009435
0.014228
0.005172
-0.012563
-0.019943
-0.023990
-0.026007
-0.020947
-0.000448
-0.025978
-0.024035
-0.029157
-0.024822
-0.030801
-0.039853
-0.016398
-0.005399
-0.014384
-0.001278
0.028296
0.058486
0.100570
0.142572
0.187084
0.226584
0.285668
0.378156
0.430896
0.482206
0.529564
0.580319
0.627707
0.667075
0.713375
0.743870
0.743509
0.735013
0.703928
0.672001
0.614119
0.548924
0.481794
0.422616
0.321190
0.256416
0.187658
0.156300
0.112849
0.044749
0.004602
-0.025551
-0.024392
-0.046042
-0.065864
-0.051162
-0.064558
-0.048533
-0.028540
-0.009731
