0.001563
0.025853
0.011165
0.019572
0.014915
0.004960
-0.002727
0.002263
0.013048
0.006414
0.004147
0.018152
0.007673
0.000825
-0.009197
0.001321
0.013571
0.005178
0.003621
0.011071
0.011637
0.012426
0.019825
0.020689
0.024823
0.032140
0.020537
0.019304
0.023431
0.035252
0.009080
0.009503
0.004337
0.025908
0.020309
0.002623
-0.000259
0.016329
0.013072
0.020479
0.016315
0.024898
0.007422
0.021919
0.019598
0.027455
0.040487
0.034453
0.017306
0.016527
0.012560
-0.023102
-0.011182
-0.004915
0.018998
0.026814
0.024085
-0.003039
0.007204
0.007858
0.000532
0.022042
0.034697
0.008331
-0.004348
0.008787
0.030404
0.022599
0.014992
0.008067
0.017259
0.021512
0.017257
0.013539
0.009754
0.011799
0.009199
-0.010262
-0.009469
0.013584
-0.002046
0.007170
0.008056
0.007846
0.001572
-0.009814
0.002274
0.012687
0.020511
-0.001694
-0.017754
0.016972
0.002200
0.009493
-0.000632
-0.010109
0.017355
-0.001834
-0.002646
-0.010049
0.005297
-0.020415
-0.024252
-0.013888
-0.005735
-0.004103
-0.015907
-0.013295
-0.003127
-0.009450
-0.023237
-0.001491
-0.013266
-0.010420
-0.015022
-0.011994
-0.031257
-0.030025
-0.023051
-0.011604
-0.008594
-0.009961
-0.008250
-0.031491
-0.005218
0.033180
0.062490
0.086382
0.080485
0.073192
0.072695
0.068634
0.076997
0.088701
0.099354
0.098355
0.100128
0.125405
0.131425
0.144184
0.131502
0.137485
0.149243
0.155315
0.170260
0.194232
0.184458
0.209408
0.214981
0.237372
0.269365
0.293153
0.283156
0.293136
0.329197
0.221673
