0.012325
0.013070
0.014922
0.021167
0.013911
0.002428
0.008863
0.014604
0.031383
0.017127
0.017062
0.007181
-0.012965
0.007821
0.013423
0.008439
0.019111
0.008113
-0.000212
0.007123
0.007130
0.003350
0.004599
0.003833
0.007906
0.023933
0.017756
0.001143
0.000318
0.002552
0.002526
0.005763
0.012651
0.030544
0.028997
0.015171
0.027751
0.016421
-0.002921
0.044574
0.006969
0.006607
-0.000471
0.018828
0.000449
-0.000690
0.007922
0.010083
-0.005209
-0.000187
0.015471
0.005902
0.011206
0.016930
0.008463
0.010294
0.025445
-0.000256
0.003321
0.011363
0.021838
-0.001297
0.003749
-0.006379
-0.018542
0.008048
0.028201
0.010505
-0.004411
0.000433
-0.001500
-0.002829
-0.002672
0.012722
0.003829
-0.005537
0.003310
0.009688
0.004807
0.015924
-0.009120
-0.005877
-0.004122
-0.021753
0.002200
0.007945
0.002701
0.009015
-0.001763
-0.000294
-0.001300
0.006661
0.022129
-0.005224
-0.011722
-0.004981
-0.012561
-0.004225
0.020379
0.002629
-0.001661
-0.006623
-0.010443
0.006064
-0.000182
0.003763
0.009721
0.001691
-0.007711
-0.000423
-0.011805
-0.009405
-0.010816
0.012530
0.011462
-0.002926
0.008050
0.024412
0.011938
0.031705
0.011629
0.057702
0.112587
0.111283
0.175978
0.229995
0.263775
0.270668
0.261545
0.255389
0.275360
0.288185
0.278612
0.288015
0.305300
0.308490
0.323390
0.311606
0.341313
0.351969
0.348744
0.369191
0.389972
0.382189
0.372617
0.405752
0.414578
0.418921
0.431975
0.442623
0.483483
0.463787
0.452640
0.463227
0.455497
0.316211
