-0.030131
-0.040406
0.047898
0.221070
0.270923
0.222762
0.245224
0.213785
0.179695
0.162696
0.191885
0.158745
0.085676
0.135719
0.155763
0.156919
0.143120
0.133432
0.134381
0.061756
0.100532
0.083108
0.065779
0.076300
0.105497
0.032736
0.032452
0.069866
0.048310
0.027696
0.044208
0.013463
0.019080
0.052934
0.022428
-0.015706
0.042192
0.045211
0.015621
0.051608
0.018940
-0.010917
-0.023994
-0.007297
0.012972
0.019017
0.039607
0.017078
0.010151
0.023796
-0.006131
0.021181
0.032760
-0.006813
-0.024122
-0.038469
-0.008468
0.007023
0.001186
0.013234
0.009458
0.027461
0.018841
-0.015603
-0.041864
-0.006492
-0.056823
-0.014955
0.021469
0.011152
0.031001
0.043061
-0.059147
-0.034703
-0.014044
0.012498
0.039239
0.051350
0.025952
0.046004
-0.000710
0.031629
0.017366
0.009309
0.013387
-0.006596
0.033977
0.020387
0.014232
0.027297
0.028617
0.031106
0.036298
0.012018
0.041367
0.021211
0.018771
0.018710
0.047585
0.043320
0.012892
0.017903
0.027026
0.032837
0.007360
0.003334
-0.022945
-0.015633
0.036229
0.000758
0.042882
0.028061
0.003464
-0.006904
0.017938
0.035453
0.032226
0.003916
-0.060660
-0.013592
0.032370
-0.011912
-0.027080
0.004401
0.042008
0.009552
-0.017675
-0.032271
-0.020522
-0.001583
-0.003951
-0.051541
-0.018604
-0.039408
-0.034058
0.017864
-0.012471
0.000350
0.041308
0.123539
0.076327
0.093159
0.138534
0.102221
0.187261
0.216308
0.239953
0.275793
0.279536
0.315801
0.376658
0.429290
0.424500
0.463729
0.474506
0.335409
