0.020707
0.036913
0.032805
0.052487
0.005040
-0.006576
0.013341
0.006366
0.013028
-0.019592
0.016411
0.002000
-0.020657
0.035991
0.030359
0.037391
0.001200
-0.002188
0.026541
0.013832
-0.013216
0.009225
0.011708
-0.018734
-0.008569
-0.061568
0.032640
0.023092
0.084405
0.001011
0.033358
0.014228
-0.002957
-0.010139
0.017427
0.022850
0.009612
0.013596
-0.018742
0.006719
-0.006295
-0.001722
-0.007794
0.026412
0.001824
0.060337
0.047972
-0.010885
-0.028858
-0.010026
-0.008077
-0.030502
0.006055
0.031154
0.037153
0.037116
0.020534
0.022287
0.031266
-0.016245
0.011305
0.036723
0.041636
0.056313
0.013327
0.019857
0.040027
0.028782
0.032972
0.017128
-0.020281
0.024610
0.014594
0.036842
0.064890
0.045851
0.009405
-0.003288
-0.001693
0.026638
-0.000073
0.015834
-0.012284
0.015249
0.056365
0.006656
-0.005963
0.015842
0.008534
-0.020962
-0.015745
0.011154
0.021433
-0.007763
0.015387
0.038700
0.013769
0.018686
0.044130
0.041342
0.034246
0.032421
0.041889
0.031815
0.006377
0.028304
0.021947
-0.003424
-0.060774
-0.022357
0.024322
0.001738
0.002590
0.052096
0.008073
-0.015301
0.003287
0.056346
-0.038703
-0.027790
0.021037
-0.007774
-0.008677
0.008784
0.150186
0.322487
0.300129
0.320623
0.361003
0.382122
0.378039
0.375378
0.358167
0.359725
0.344521
0.402524
0.375816
0.433895
0.379951
0.369642
0.383269
0.371976
0.426450
0.424694
0.430875
0.404579
0.431378
0.451062
0.453457
0.450406
0.520840
0.506087
0.483419
0.533245
0.538539
0.367381
