0.054839
0.017632
0.056266
0.029401
0.024659
-0.039577
-0.024570
-0.065140
-0.028934
-0.038826
0.063329
0.024648
0.007710
0.013755
-0.010987
0.039328
0.037007
0.028710
0.033437
0.045275
0.011962
0.046762
-0.029494
-0.006166
-0.006408
0.026591
-0.007424
0.033679
0.018330
0.049449
0.051154
-0.013342
-0.044822
-0.028683
0.017876
0.016546
0.002106
-0.007722
0.015859
-0.011145
0.005471
0.030678
-0.023719
0.049573
-0.062227
0.040538
0.063323
-0.014534
-0.041331
0.032268
-0.004130
0.021227
0.079907
0.006389
-0.003020
-0.015556
-0.005706
0.054455
0.007403
0.059249
0.066108
0.069887
-0.003207
0.012192
0.017614
0.023906
-0.023694
0.027081
0.008005
0.026795
-0.064311
0.047679
0.104097
-0.000346
-0.031509
0.032637
0.055805
-0.027882
-0.010931
-0.037323
-0.095284
-0.062925
0.023061
0.025230
-0.020091
0.049253
0.033001
0.016730
0.025277
-0.011791
0.006544
0.051560
-0.018028
-0.015450
-0.027899
-0.034625
0.007570
-0.037749
-0.022217
-0.004049
-0.007651
-0.041355
-0.000068
-0.022145
-0.032978
-0.057040
-0.056321
0.006646
-0.053038
-0.044089
-0.087709
-0.020141
-0.031374
0.017972
-0.030142
-0.053143
0.006683
0.002175
-0.011849
0.020595
0.000580
0.041838
0.054438
-0.076547
0.006653
0.021039
0.007017
0.030652
0.034350
0.104840
0.084115
0.083405
0.089742
0.115919
0.130780
0.231767
0.281482
0.329662
0.415828
0.425897
0.484352
0.526680
0.502378
0.543305
0.643996
0.672533
0.566052
0.519999
0.583706
0.514495
0.458612
0.468341
0.430964
0.359961
0.315957
0.161686
