0.000772
0.006033
0.031844
0.060741
0.059764
0.060000
0.061113
0.058418
0.061401
0.053238
0.059151
0.053412
0.045404
0.037897
0.029741
0.048243
0.036850
0.042060
0.033192
0.027781
0.033876
0.027298
0.032130
0.034649
0.028702
0.029177
0.038642
0.023841
0.021927
0.028634
0.032727
0.025697
0.025130
0.014587
0.012578
0.020432
0.017531
0.018054
0.011695
0.015801
0.009230
0.010401
0.017112
0.011780
0.005407
0.012874
0.006392
0.007425
0.004672
0.005992
0.010043
0.013664
0.011795
0.011178
0.007761
0.003437
0.011185
0.008212
0.010325
0.003944
0.013823
0.009299
0.010670
0.007237
0.007352
0.008294
0.002607
0.010273
0.007067
0.013727
0.009561
0.011390
0.003905
0.008171
0.010677
0.011679
0.003060
-0.005614
0.008305
0.007012
0.019379
0.025537
0.017722
0.015934
0.009770
0.010084
0.010426
0.011334
0.008136
0.016266
0.018897
0.010345
0.020591
0.014726
0.008346
0.006785
0.004833
0.015665
0.007410
0.004979
0.002453
0.010630
0.007278
0.002042
0.006836
0.009700
0.003181
0.011895
0.008181
0.016144
0.018630
0.012608
0.001720
0.011852
0.000743
0.005198
0.014531
0.009613
0.008448
0.001310
0.003495
0.003190
-0.009483
-0.002989
0.008045
-0.007894
-0.001078
0.000980
-0.003730
0.004696
0.021860
0.020669
0.028779
0.026967
0.026118
0.035601
0.021036
0.025561
0.031335
0.024189
0.025583
0.025558
0.031518
0.025093
0.028031
0.027045
0.024265
0.021987
0.025512
0.021758
0.025396
0.028404
0.030690
0.041729
0.036819
0.027566
