0.039761
0.027247
0.022395
0.071452
0.036016
0.019989
0.015599
-0.008630
0.041360
-0.022204
-0.044341
-0.031698
-0.037457
0.030540
0.010777
0.050479
0.051070
0.024537
0.012536
-0.020358
-0.016543
-0.003701
-0.035429
-0.004471
-0.003521
-0.005232
0.026282
0.005522
-0.015709
0.005460
0.023207
-0.023101
0.001110
-0.001577
0.034581
-0.009837
0.065572
0.018125
0.019528
-0.018376
-0.082787
0.024674
0.045230
-0.029901
-0.028371
0.014098
0.017041
0.070103
0.001176
-0.029451
0.023232
0.009011
0.079482
0.033025
0.024330
-0.000319
-0.028623
0.032667
0.009562
0.025983
0.028866
0.015148
0.027438
-0.001303
-0.028525
-0.034188
0.046691
0.045752
-0.042620
0.038740
-0.020081
-0.012387
0.031515
0.054006
0.045933
0.003042
-0.016776
-0.011346
-0.020315
0.024069
0.048362
-0.005818
0.056067
0.025034
0.055508
0.005075
0.038804
0.063278
0.045197
0.041470
-0.048308
-0.060575
-0.013903
-0.021756
-0.004532
-0.020347
-0.056998
-0.016160
-0.027829
-0.018177
-0.057309
-0.029160
0.011024
0.036438
-0.000274
0.014744
-0.005780
-0.033671
-0.018937
-0.064022
0.017126
-0.055490
-0.024860
-0.007154
-0.040133
-0.039571
-0.017887
-0.051931
-0.044121
-0.028017
-0.020585
-0.066271
0.006832
-0.048086
-0.032272
-0.025639
-0.024637
-0.062381
0.000442
-0.042174
0.038775
0.035247
0.041563
0.051083
0.019151
0.099080
0.118146
0.142243
0.197825
0.182136
0.240954
0.295618
0.241659
0.340405
0.302087
0.391728
0.397584
0.415264
0.471712
0.490246
0.460883
0.429600
0.385448
0.376639
0.340550
0.222706
