-0.030652
0.008570
-0.017199
-0.025229
-0.016554
-0.015885
0.011658
-0.019704
-0.021535
-0.028535
-0.028052
-0.004506
-0.019929
-0.032756
0.010982
-0.021811
-0.042199
-0.018981
0.026276
-0.010112
0.008396
0.037054
0.037249
0.023053
0.039739
0.058805
0.088725
0.164962
0.200034
0.255958
0.319449
0.380679
0.437488
0.485809
0.552892
0.587540
0.600341
0.627756
0.674750
0.683343
0.672359
0.617528
0.579485
0.577769
0.479349
0.450764
0.380649
0.334894
0.274857
0.211393
0.182092
0.143520
0.068950
0.081285
0.015665
-0.005443
0.015742
-0.001359
-0.063630
0.000250
-0.049888
-0.034147
-0.063390
-0.061692
-0.014492
-0.012684
-0.039743
-0.020848
-0.006519
-0.005614
-0.010182
-0.013613
-0.031451
-0.024392
-0.011463
-0.012840
0.008380
-0.000248
0.000894
