0.417420
0.677958
0.777516
0.762195
0.778259
0.811287
0.807857
0.406313
0.006262
0.017632
-0.001141
-0.082367
-0.032785
-0.015982
-0.001048
-0.004709
0.033631
-0.017833
-0.060973
0.016211
0.024378
0.016395
-0.011767
-0.040518
-0.049476
-0.005940
-0.004181
-0.054718
0.005785
0.016848
0.033428
0.030438
-0.026193
-0.048554
-0.062885
0.039818
-0.005654
-0.029944
-0.030461
-0.033488
-0.020466
-0.027929
-0.023778
0.018446
-0.018997
-0.037561
0.049731
0.033944
-0.011615
-0.001726
0.031876
0.031231
0.039793
0.032587
-0.007254
0.042529
0.074053
0.013068
-0.009744
0.006050
0.063311
0.044607
0.015890
0.068531
0.009102
0.029437
0.062493
0.049716
0.044555
0.032360
0.048454
0.070845
0.074402
0.034844
0.043458
0.033353
-0.019341
0.024361
0.048846
0.023866
0.038345
0.036633
-0.009262
0.019112
0.036150
-0.041068
0.023640
0.020317
0.053169
0.004199
-0.017737
-0.004894
0.038551
0.038441
-0.030362
0.053989
0.074591
0.019071
0.007918
0.017670
0.077114
0.030153
-0.037668
-0.016925
0.035008
0.042779
-0.020098
-0.013729
-0.021268
0.007193
-0.060522
-0.007865
0.019814
-0.023037
0.025184
0.025301
-0.025452
-0.036174
0.032832
0.060490
-0.038584
0.025710
-0.005924
0.015185
0.026673
-0.046338
0.032496
0.001809
0.007797
0.031917
-0.020429
0.031689
0.028052
-0.052241
-0.008282
0.008818
0.005097
-0.010534
-0.055592
-0.035686
0.000831
0.043206
0.018592
0.053323
-0.013752
-0.023604
-0.023368
0.012361
-0.004114
0.014524
0.014602
-0.023151
-0.075959
-0.043907
-0.021911
-0.063262
-0.012804
