-0.794719
-1.284045
-0.931222
0.738313
0.888377
0.843872
0.829191
0.840281
0.817352
0.677594
0.606852
0.572240
0.599887
0.528044
0.543557
0.534387
0.519651
0.501642
0.317068
0.316273
0.405327
0.315744
0.449365
0.310170
-0.094254
-0.616910
0.265260
0.298098
0.174790
0.157651
0.118859
0.168740
0.251000
0.139813
0.107697
0.160533
0.026621
0.113249
-0.013022
0.074903
0.208159
0.021216
0.029729
0.016836
0.090326
0.138184
0.065712
0.069631
-0.035780
0.010296
0.004262
-0.008868
0.028216
-0.006463
-0.103557
-0.073558
-0.054609
-0.053656
-0.032048
0.048905
-0.017685
-0.002003
-0.112526
-0.155182
-0.097718
-0.023931
0.049655
0.075540
-0.033996
-0.148845
-0.087152
-0.036517
-0.077520
-0.054460
-0.061844
0.001823
0.068029
0.013409
0.013350
-0.001190
0.033172
-0.001827
-0.038606
0.001658
-0.043579
-0.010141
-0.048712
-0.133627
-0.121488
0.035662
-0.108641
0.002744
0.063690
0.055500
-0.028683
0.021696
0.086713
-0.055815
-0.143910
0.031780
0.125143
0.070976
0.003181
0.061394
-0.027148
0.010895
-0.013632
-0.030777
0.078490
0.000422
-0.097652
-0.049088
-0.012968
0.050882
-0.011679
0.055426
-0.014614
-0.045140
0.020104
-0.031848
-0.004647
-0.010441
0.093239
0.107268
0.013037
0.037294
-0.037335
-0.026017
-0.071178
0.004847
-0.051139
0.005475
-0.056834
-0.031601
-0.044355
-0.020614
-0.038503
-0.056679
-0.107748
-0.038007
-0.039100
-0.023450
0.047932
0.077385
0.030642
0.013577
-0.013808
0.053132
0.027047
0.055105
-0.007266
0.014349
0.041662
0.022539
-0.024694
0.001928
-0.015619
