-0.004804
-0.002741
-0.002835
-0.006159
-0.004015
-0.001612
-0.002702
-0.002977
-0.009341
-0.002564
-0.004838
-0.002970
-0.011003
-0.012122
-0.004560
-0.001529
0.001586
0.001748
0.000427
0.002150
-0.002624
0.004266
0.009980
0.013994
0.007015
-0.005644
-0.004078
0.002292
-0.006326
-0.002979
0.005344
0.004715
-0.003995
-0.002072
0.018372
0.017412
0.013597
0.003554
0.004830
0.007090
0.012137
0.013354
0.023106
0.017588
0.009262
0.005554
0.019739
0.019104
0.026938
0.018129
0.023993
0.018270
0.026984
0.027834
0.031069
0.020326
0.020615
0.014311
0.018493
0.018755
0.027117
0.030172
0.031080
0.011871
0.013891
0.018951
0.031839
0.028804
0.033782
0.023395
0.022825
0.018581
0.021341
0.026859
0.023771
0.018290
0.014291
0.007144
0.012251
0.018539
0.014405
0.015161
0.011513
0.014680
0.012155
0.008233
0.002505
0.008096
-0.008575
-0.011109
0.000467
0.000988
-0.005027
-0.008000
-0.025385
-0.024483
-0.034562
-0.028187
-0.021265
-0.025167
-0.025697
-0.024959
-0.047731
-0.056099
-0.040138
-0.035727
-0.030956
-0.043263
-0.046794
-0.054254
-0.046953
-0.040848
-0.032663
-0.018008
-0.006252
0.002334
0.029080
0.064111
0.098367
0.137349
0.178909
0.221188
0.285429
0.352238
0.420688
0.498012
0.558530
0.632545
0.677996
0.730098
0.788534
0.840108
0.847263
0.860091
0.859825
0.841683
0.804198
0.772149
0.705886
0.646437
0.574380
0.496612
0.421061
0.357794
0.285564
0.221735
0.167956
0.112393
0.062789
0.041833
0.008914
-0.004237
-0.028003
-0.047194
-0.052616
-0.047517
