0.004245
0.044591
0.034025
0.008626
0.006012
0.036435
0.020996
0.017466
0.025304
0.020779
-0.002990
0.009429
0.017507
-0.000546
0.019347
0.007696
0.003453
0.015321
0.002892
0.023713
0.025124
0.030228
0.003848
-0.010416
-0.004576
0.005144
0.034554
0.049281
0.033338
0.017609
0.034156
0.033250
0.008179
0.012884
0.029029
-0.016223
-0.004301
0.006559
0.024555
0.022549
0.016490
0.004795
0.019877
0.011606
-0.017015
0.020798
0.013331
0.001834
0.004593
-0.000084
0.011530
0.045082
0.057113
0.044715
0.040262
0.021248
0.015505
0.022304
0.037550
0.024447
0.011098
-0.013847
0.025436
0.030127
0.015899
0.018152
0.008905
0.033560
-0.019604
0.013260
0.009709
0.020572
0.000281
0.017811
0.000877
0.024361
0.012696
0.015279
0.012805
0.019929
0.035304
0.022315
0.032021
0.027286
0.021953
0.003098
0.020759
0.039507
0.035539
0.018699
0.004044
0.024754
0.036018
0.023996
-0.001503
-0.021454
0.017304
0.014722
0.012683
-0.001831
0.004565
-0.005694
0.012183
0.029722
-0.006502
0.000483
0.012576
-0.003564
-0.016038
0.004486
0.033415
0.025945
0.024178
-0.005529
-0.040018
-0.008313
0.008393
0.016893
0.011989
-0.009223
-0.014242
-0.003498
-0.010861
0.013728
0.005975
0.001653
-0.026554
-0.046014
-0.048103
-0.007183
-0.028847
-0.022777
-0.043045
-0.023326
0.003550
-0.009206
-0.002744
0.007107
-0.018823
0.003952
0.039748
0.057056
0.085795
0.089467
0.155614
0.164552
0.206040
0.235488
0.304933
0.346434
0.411564
0.452816
0.485436
0.541152
0.574814
0.400074
