0.002753
0.009685
0.002925
0.007139
-0.010176
0.009572
0.034710
0.012835
0.021337
0.012621
-0.003861
-0.001731
-0.004145
-0.035056
-0.005671
0.008199
0.014934
-0.005367
-0.013733
-0.001308
0.008935
-0.001835
0.000513
0.003563
0.006956
-0.011271
-0.000153
0.003751
0.009409
-0.007464
0.019524
-0.005500
-0.005688
-0.002742
-0.000355
-0.005303
-0.023480
-0.003127
0.002923
0.005568
0.003629
0.016877
0.005541
-0.004222
0.013665
0.006899
0.003652
0.014661
-0.002565
0.009245
0.012935
0.007225
-0.001273
0.013805
0.004454
0.002804
0.013024
-0.002664
0.002840
0.014156
0.015885
0.013859
0.021146
0.033970
0.022899
0.018998
0.023897
0.020788
0.010928
0.013580
0.012559
0.030288
0.030443
0.027266
0.023856
0.022697
0.022501
-0.000508
0.004820
0.032731
0.033713
0.026329
0.010968
0.018507
0.016201
0.028141
0.035820
0.026941
0.030962
0.016267
-0.000295
0.004883
0.010417
-0.009199
-0.003658
-0.000965
0.000499
0.012119
0.014683
-0.000204
-0.009405
-0.023365
-0.021536
-0.027007
-0.017204
-0.001603
-0.025603
-0.024689
-0.028697
-0.025246
-0.032525
-0.039564
-0.013227
-0.007368
-0.015058
0.004539
0.029031
0.062875
0.105064
0.147448
0.191110
0.231387
0.294045
0.385947
0.435606
0.487297
0.534468
0.585569
0.632607
0.669499
0.721000
0.743751
0.744310
0.730757
0.701790
0.666115
0.609455
0.539460
0.476449
0.412299
0.313663
0.246673
0.185332
0.151310
0.105718
0.038167
0.002119
-0.025742
-0.025475
-0.050370
-0.064553
-0.052224
-0.064348
-0.046212
-0.025569
-0.009363
