0.039484
0.053742
0.021939
0.015467
-0.011228
-0.038185
-0.013894
-0.049891
-0.018405
-0.054501
0.011460
-0.016290
-0.004142
-0.014432
0.011597
-0.008159
-0.019052
0.018879
-0.010863
-0.007555
0.036397
0.006715
-0.039964
-0.017502
0.019489
0.016726
-0.043993
-0.014321
-0.009514
-0.025917
-0.061296
-0.065935
-0.026842
-0.016488
-0.003939
-0.046521
-0.043330
0.048851
0.020932
-0.012822
0.053568
-0.056630
0.003248
0.058873
0.085526
0.001047
-0.056722
-0.024015
-0.061108
-0.058162
-0.002791
0.003335
0.003146
-0.004291
-0.042965
-0.045224
0.029216
0.002294
-0.013017
-0.007970
0.024245
-0.002399
-0.028722
-0.061933
0.016805
-0.033090
-0.030474
-0.042766
0.014165
0.029154
-0.016244
0.015073
0.002568
0.056205
0.067151
0.041044
0.072027
0.074301
0.001171
0.043962
0.075789
0.057734
0.071657
0.092019
0.143292
0.099040
0.057814
0.081706
0.056642
0.099603
0.118670
0.115312
-0.001607
0.029335
-0.001458
0.062605
0.071477
0.045027
0.066452
0.096779
0.030156
0.024647
0.055609
0.110394
0.071984
-0.046932
-0.031539
0.045377
0.044414
-0.041944
0.043247
0.037186
0.018626
-0.010838
-0.031284
-0.028601
-0.009685
-0.036432
-0.069190
-0.091381
-0.067240
-0.096225
-0.100054
-0.113301
-0.117791
-0.120203
-0.159762
-0.170507
-0.239026
-0.248216
-0.296935
-0.298403
1.483912
5.341864
5.456979
3.920399
3.634369
3.587455
3.529477
3.165544
2.872157
2.850514
2.868752
2.868427
2.881930
2.849743
2.928782
2.905582
2.806956
2.825680
2.879247
2.819039
2.799567
2.785615
2.694844
1.805200
