0.001642
-0.002327
0.001042
0.025685
0.010493
0.012213
0.047657
0.028200
0.031925
0.016774
0.027220
0.072315
0.002852
-0.034618
0.003725
0.005891
-0.000215
0.019330
0.027041
0.023292
0.023466
0.019981
0.008632
-0.028816
-0.015682
0.029447
0.034820
-0.017207
0.000205
0.038963
0.025720
0.000530
-0.057399
0.014684
0.007451
-0.001202
-0.006825
0.026781
-0.010932
0.005434
0.013255
0.002887
-0.002163
0.006323
-0.019632
-0.032354
0.037990
0.017917
0.063142
-0.006723
0.021891
0.052369
0.019296
0.030775
0.025061
-0.006797
0.006920
-0.066510
-0.018324
0.058360
0.001211
0.032282
0.038051
0.032043
-0.026019
-0.034297
0.066177
0.013459
-0.006736
0.016162
0.013051
-0.032694
0.004019
0.021136
0.048603
-0.017303
0.025201
0.003263
0.007818
0.020103
0.003510
-0.002950
-0.013421
0.016490
-0.016761
-0.037409
0.015694
0.013745
-0.008179
0.024811
-0.019798
-0.002116
0.022997
0.012168
-0.010965
-0.032103
-0.081979
-0.019828
0.040990
-0.004700
-0.009287
-0.024398
0.015275
0.026183
-0.024336
0.004099
0.026186
0.012867
0.030441
0.027290
0.064337
0.006554
0.020759
0.012632
0.014432
0.033260
-0.008147
0.083728
0.046202
0.042317
0.020770
0.048180
0.059849
0.083787
0.199859
0.292294
0.334944
0.321385
0.355428
0.348551
0.365987
0.342141
0.388502
0.407039
0.365425
0.369567
0.413632
0.420095
0.390381
0.385483
0.431131
0.414544
0.447520
0.436396
0.416271
0.432244
0.423073
0.415196
0.448934
0.416007
0.455888
0.471309
0.437271
0.481300
0.470529
0.321681
