0.000682
0.003613
0.013034
0.004172
-0.001555
-0.002092
-0.009479
-0.005450
0.000690
0.014687
0.003411
-0.007326
-0.000980
-0.016846
-0.002406
-0.002299
-0.007524
0.000851
0.013518
0.001225
0.009550
-0.002584
0.000321
0.009345
-0.004821
0.001265
0.016239
0.009546
0.006991
0.008047
0.003825
0.000618
0.013373
0.004146
0.001869
0.004686
0.005048
-0.001626
0.000926
0.007315
0.015410
0.007518
-0.000143
0.010389
0.003376
0.015848
0.002540
0.021957
0.027413
0.019439
0.018790
0.016310
0.001749
0.018135
0.014828
0.019010
0.014288
0.011308
0.026519
0.018902
0.026634
0.018079
0.006525
0.010801
0.025846
0.028099
0.032321
0.017461
0.012571
0.014631
0.003752
0.025402
0.031247
0.035658
0.039267
0.031375
0.031728
0.025918
0.036533
0.045512
0.022514
0.020057
0.021290
0.028437
0.035312
0.021056
0.018296
0.024428
0.021617
0.013708
0.011180
0.031752
0.039187
0.034645
0.021484
0.007924
0.010946
0.015813
0.009211
0.018205
0.015395
0.008051
0.011247
0.019422
0.023989
0.008460
0.012456
0.001687
0.005816
0.007149
0.013551
0.004855
0.001751
-0.000139
-0.007535
0.002854
-0.001495
-0.004198
-0.005479
-0.002612
-0.003156
-0.013904
-0.006126
-0.001414
-0.007617
-0.011929
-0.016634
-0.038678
-0.032787
-0.036645
-0.039707
-0.033744
-0.037488
-0.035051
-0.049523
-0.053599
-0.051259
-0.028901
-0.013371
-0.020519
-0.020705
-0.006614
0.021489
0.047689
0.078998
0.089491
0.119332
0.139887
0.180624
0.211050
0.236869
0.253475
0.261507
0.276768
0.297303
0.205266
