0.018294
0.003713
0.012009
0.018404
0.022602
0.017878
0.009540
0.008732
0.011840
0.023941
0.025228
0.025157
0.008927
0.005479
-0.013402
-0.010190
0.009836
0.027307
0.020825
0.007220
0.024809
0.013345
0.006509
0.023710
0.023361
0.008553
0.011959
0.011966
-0.002667
0.003313
-0.006475
0.011771
0.003551
0.009341
0.021905
-0.002537
0.013529
-0.001778
0.012912
0.000523
0.002588
0.006047
-0.000808
0.008907
0.005904
-0.001991
-0.003673
-0.001547
-0.000487
0.000779
-0.002182
0.016827
0.007832
-0.020169
0.007298
-0.005778
-0.013383
0.001048
0.007579
0.005590
0.009124
-0.001779
0.003504
0.009977
-0.002457
0.002157
0.004540
0.015737
0.013214
-0.003577
0.006712
-0.001056
0.013364
0.008888
-0.001636
0.012718
0.017456
0.010141
-0.000930
-0.004993
-0.012121
-0.005173
0.012515
0.038006
0.014775
0.000295
0.000971
0.006300
0.011446
0.009108
0.018611
0.034170
0.010932
0.013150
0.019994
0.022380
0.022861
0.009201
0.000608
-0.008936
0.003412
0.015692
0.014642
-0.013671
0.010233
0.007475
-0.011267
0.013218
-0.001979
0.002059
-0.006947
-0.007922
-0.005811
-0.009835
-0.002970
-0.013734
-0.017131
-0.017359
-0.009633
-0.007491
0.001714
-0.019522
-0.038808
-0.017255
-0.028091
0.003920
0.082915
0.104015
0.094296
0.076931
0.074233
0.092533
0.089287
0.083520
0.089445
0.091656
0.091322
0.088900
0.086441
0.090273
0.104389
0.087557
0.093201
0.078879
0.081252
0.097682
0.088547
0.086359
0.086424
0.089472
0.078410
0.072726
0.083010
0.097638
0.082632
0.058410
