0.015920
-0.035308
0.000971
-0.049282
-0.024696
-0.041226
-0.013858
-0.042148
-0.024228
-0.082378
-0.044035
-0.060204
-0.044242
-0.054489
-0.058155
-0.049057
-0.041322
-0.066863
-0.039108
0.014926
0.008334
-0.034534
-0.004912
-0.027110
-0.017597
0.005552
0.001974
0.049496
0.122782
0.121721
0.177139
0.205528
0.260535
0.311217
0.333411
0.359253
0.390873
0.404269
0.422243
0.458061
0.445325
0.362800
0.341296
0.355442
0.315051
0.302255
0.329547
0.325158
0.332006
0.287740
0.228283
0.212736
0.211686
0.144570
0.163523
0.128321
0.013840
0.030633
-0.039985
-0.071065
-0.076059
-0.026585
