0.035985
0.019532
0.030781
0.017036
0.060899
0.035766
0.018660
-0.023842
-0.015064
0.030076
0.014124
-0.023127
0.041828
0.043804
-0.012101
-0.042642
0.010087
-0.012641
-0.004744
0.013412
0.007854
0.012800
0.022817
0.017606
-0.018781
0.021763
0.012654
0.014381
0.023308
0.022861
0.036144
0.002075
0.021461
0.031055
0.000919
0.027137
0.048755
0.033931
0.008695
0.022892
0.052209
0.008616
0.008686
0.021014
0.031776
0.035115
0.010258
0.021904
0.010945
0.011041
0.013797
-0.003794
-0.001271
-0.003713
-0.007531
-0.010020
0.001736
-0.004457
-0.040203
-0.028675
0.010342
-0.023388
-0.018574
-0.021703
-0.008858
0.005964
-0.019049
-0.023064
-0.027407
-0.027581
-0.000369
-0.024863
-0.026948
0.006654
-0.021762
-0.045627
-0.012193
0.026872
-0.015815
0.014983
0.034437
0.038909
0.028248
0.033916
0.067153
0.092435
0.172323
0.203151
0.262685
0.325676
0.383184
0.444788
0.492226
0.557326
0.595451
0.594121
0.634472
0.677570
0.685567
0.664400
0.616866
0.576733
0.571106
0.475738
0.440992
0.379108
0.324575
0.273272
0.204716
0.181800
0.136626
0.063492
0.081031
0.011250
-0.009035
0.018872
-0.006353
-0.066468
-0.001687
-0.049146
-0.038664
-0.059612
-0.060126
-0.016192
-0.011624
-0.037166
-0.019905
-0.005163
-0.009071
-0.005295
-0.015357
-0.031952
-0.024413
-0.010683
-0.009729
0.007088
0.000750
0.002381
0.002526
0.019536
-0.001967
0.027107
-0.003809
0.020542
-0.000914
0.010475
0.014506
0.019865
-0.004534
-0.008034
-0.017453
0.020155
0.040152
0.043674
0.050297
0.028858
