-0.023967
-0.034110
-0.029233
-0.021284
-0.024168
-0.026071
-0.023826
-0.044865
-0.058094
-0.040395
-0.036167
-0.030551
-0.042361
-0.046262
-0.054077
-0.047502
-0.041643
-0.032912
-0.020180
-0.007231
0.000333
0.024815
0.061250
0.094575
0.132121
0.174972
0.214895
0.278602
0.345274
0.412449
0.491235
0.551053
0.625945
0.673504
0.722848
0.783022
0.836648
0.846765
0.858841
0.861149
0.844686
0.807123
0.777443
0.712240
0.653275
0.582606
0.504654
0.428666
0.364594
0.293411
0.228560
0.173608
0.116810
0.067304
0.044189
0.011181
-0.002740
-0.024871
-0.046211
-0.051540
-0.052532
