-0.054549
0.067183
0.081176
0.077855
0.035549
0.002071
-0.053163
0.052680
-0.024251
0.142138
0.084426
0.012682
0.001070
0.029289
-0.088686
0.037666
0.162266
0.078730
0.018247
-0.052677
0.150638
0.003144
0.032985
0.078250
-0.008520
-0.060499
-0.030708
0.058665
0.008642
0.047209
-0.058053
-0.091910
-0.164137
-0.007217
0.099058
0.167620
0.041793
0.003229
-0.031283
-0.057505
0.050788
0.016038
0.098572
0.052377
-0.000825
0.027884
0.057157
0.070771
0.186540
0.142607
-0.078582
-0.024416
0.064336
0.057349
0.084101
0.017750
-0.007869
0.015611
0.001748
-0.075600
0.028912
0.057220
-0.058434
0.038001
0.047755
0.062786
-0.030663
0.010216
-0.053327
-0.061743
0.020567
-0.061947
-0.040368
-0.009430
0.047093
0.032692
-0.054905
0.012855
0.039140
0.078938
0.094154
0.096353
-0.010285
0.000329
-0.077839
-0.026899
0.080486
0.134449
0.037280
-0.003491
-0.075161
0.058722
0.098939
0.110258
0.042487
-0.039379
-0.053824
0.020681
0.003571
0.048305
0.073490
0.055424
-0.091654
-0.029814
0.033983
0.074499
0.114154
-0.050808
-0.116534
0.006552
0.105500
0.014387
0.037023
0.053566
-0.022761
-0.089226
-0.032950
-0.041620
-0.026289
0.034355
0.010072
0.003791
-0.054127
-0.059420
0.034068
-0.003445
-0.023610
-0.003742
0.045822
-0.041044
0.059540
-0.010052
-0.057845
-0.064258
-0.058383
-0.001419
0.033035
0.047899
-0.040742
-0.045099
-0.000221
0.012100
0.025975
0.112906
0.295879
0.437295
0.558529
0.716060
0.908462
1.163117
0.925219
0.680061
0.431671
0.306192
0.199417
-0.004248
