-0.031824
0.000290
0.034211
0.059862
0.018173
0.061484
0.025026
0.003979
0.019528
-0.052917
-0.010847
0.015929
0.015033
0.022401
0.043311
-0.013646
0.051495
-0.018750
-0.024803
-0.002681
-0.061752
-0.040744
0.005177
-0.007421
0.009410
0.002663
0.004602
0.039812
0.012874
0.016638
-0.000590
0.014408
0.016010
0.074836
0.046562
0.053067
0.025216
-0.034256
0.026619
-0.018673
0.042175
0.014776
0.059939
0.026450
-0.051366
0.022190
0.043143
0.033000
-0.020612
-0.043650
-0.003974
-0.036577
0.003833
0.094669
0.082163
-0.019951
0.004140
0.042524
0.092495
0.070739
-0.010906
-0.012207
-0.010762
0.014141
0.051150
0.050702
-0.024314
-0.010589
-0.033982
-0.008334
0.019368
0.010666
-0.022664
-0.038866
0.036086
0.032887
0.030837
-0.087827
-0.048861
0.013233
-0.014941
0.040901
0.052923
0.020782
0.031808
-0.038781
-0.013193
0.053218
-0.000177
-0.003768
-0.016203
-0.042995
-0.012537
0.002755
-0.090743
-0.041008
0.025929
0.060537
0.057348
0.043395
-0.029356
0.000657
0.029291
-0.038015
-0.059214
-0.020419
0.046713
-0.022155
-0.010784
-0.017401
-0.053627
-0.009888
-0.011392
0.012850
-0.019073
0.024328
-0.024806
-0.039645
-0.092358
0.001849
-0.018339
-0.039970
-0.055682
-0.028875
0.027305
0.006888
0.047312
0.066233
0.014960
0.021974
0.018970
0.080310
0.097387
0.121046
0.132928
0.173043
0.249462
0.271642
0.271974
0.346549
0.360337
0.387159
0.420667
0.455624
0.468616
0.491369
0.542871
0.467782
0.459538
0.508236
0.445791
0.480615
0.461092
0.400673
0.369699
0.250891
