-0.014519
0.012584
0.022103
0.005490
-0.015414
-0.026734
-0.000514
0.008796
0.049884
-0.011666
-0.041262
-0.000602
-0.008808
0.011224
0.026721
0.021906
-0.001046
-0.026011
-0.025366
0.003052
0.021847
0.050210
0.010519
-0.002624
-0.019846
-0.012479
0.020277
0.027965
0.034839
0.010618
0.011998
-0.016348
0.014360
0.031150
0.002036
0.039506
0.003549
-0.045460
-0.015684
0.017548
-0.017351
0.037393
-0.016484
-0.031242
0.039423
-0.013528
-0.012649
-0.026224
-0.006778
0.013181
-0.013301
0.037174
-0.009989
-0.008083
0.024613
-0.005299
0.029469
0.054377
-0.008342
0.057903
0.002460
0.001237
0.052875
0.028561
0.007215
0.072747
-0.036624
-0.018142
0.025583
-0.027125
-0.007430
-0.004356
0.023147
0.026443
0.013348
0.049037
0.002694
-0.022374
-0.004851
-0.002010
-0.026065
0.000506
-0.010685
0.004769
0.014090
0.021928
-0.016786
-0.040619
0.022408
0.027923
-0.025423
0.034471
0.014150
0.000850
0.026688
0.002789
0.036786
0.031563
0.017885
0.019042
0.011871
0.007951
0.020234
0.092889
0.032965
-0.014746
0.013851
-0.024803
-0.013596
0.034228
0.037040
0.030457
-0.010233
0.003447
0.044012
0.071021
0.036686
0.054323
0.034533
0.001877
0.051558
0.017538
-0.070858
-0.004640
0.024924
0.142267
0.425101
0.473279
0.523385
0.509598
0.488932
0.438151
0.467991
0.476856
0.452517
0.475802
0.442735
0.426988
0.445283
0.427213
0.397313
0.394114
0.395040
0.400012
0.422907
0.335404
0.340676
0.334201
0.327753
0.335004
0.342631
0.347286
0.283640
0.305209
0.293426
0.183943
