-0.025000
0.002845
-0.044794
0.038620
0.078577
0.023479
-0.018945
0.010983
0.033927
0.010987
0.013155
0.066950
0.026792
0.025552
-0.002000
-0.018115
0.013368
0.023273
-0.013952
0.006214
0.010870
0.077691
0.001266
-0.008114
0.010677
-0.072969
-0.009563
-0.035062
-0.032403
0.034929
-0.010237
0.053181
0.048646
0.028430
0.084079
0.062291
0.031506
0.007280
0.035904
0.029647
0.000679
-0.033775
0.030762
0.037858
0.016564
0.036494
0.036913
-0.008477
0.015091
0.050138
-0.023843
-0.019142
-0.016041
-0.005295
-0.002323
0.019352
-0.036275
-0.027940
0.057252
-0.064686
-0.033422
0.035012
0.022192
0.123500
0.026742
-0.000383
0.024979
-0.018940
0.028181
0.081981
0.006654
-0.062076
0.049582
0.054742
0.048588
-0.013855
-0.042177
0.031195
0.062172
0.008050
-0.009326
-0.039168
-0.045999
-0.001334
0.014709
0.084661
0.046597
0.004784
0.031963
0.013540
0.012238
0.000237
-0.008430
0.001249
-0.004533
-0.006721
-0.018110
-0.056601
0.024953
0.109127
0.036111
0.050181
0.015913
0.006882
0.042829
-0.026069
-0.018013
-0.016850
0.004038
-0.011239
0.079055
-0.020067
-0.030852
-0.046282
-0.058554
-0.108228
-0.074347
-0.005303
0.002983
-0.026286
0.000908
0.085579
-0.020091
-0.012142
-0.067678
-0.000821
0.023915
0.000074
0.020143
0.012706
0.030106
0.060104
0.068614
0.070588
0.144320
0.193441
0.260927
0.260976
0.285302
0.297203
0.349537
0.359754
0.397731
0.314159
0.396533
0.284596
0.252136
0.257284
0.186776
0.104689
0.052165
0.019101
-0.026186
-0.098096
-0.045836
-0.058779
