0.058448
-0.007017
-0.026588
-0.056816
0.039881
-0.019475
-0.024113
-0.034093
0.004715
0.026294
0.010165
-0.014025
-0.026572
0.034014
0.055246
0.023589
0.000739
0.033668
0.027927
0.054259
0.042328
0.024492
-0.039336
-0.007238
0.002161
-0.002097
-0.016063
-0.005123
-0.010705
0.043198
-0.002151
-0.024041
0.053539
0.057950
0.029875
-0.004019
0.008532
0.026589
0.045788
0.017279
0.040751
0.008704
0.011552
0.048199
-0.007793
0.004733
-0.007421
0.014625
-0.002801
-0.002442
-0.006522
-0.046338
0.032797
0.035725
-0.043740
-0.036875
0.017090
0.018759
0.031616
0.071454
0.024430
0.075136
0.014440
0.001983
0.012319
0.055586
-0.005847
0.015123
-0.021175
0.008171
-0.012448
0.012264
-0.021700
-0.037285
0.082728
0.004081
0.014217
-0.022647
-0.030217
0.001797
0.021824
0.015187
0.037882
-0.012565
0.004154
0.020955
-0.003910
-0.048904
-0.045850
0.059359
-0.009622
0.041048
0.010292
0.018206
0.014470
-0.035096
0.000564
-0.054611
-0.018826
-0.046288
-0.011028
-0.036848
-0.029467
-0.081470
-0.045045
-0.057229
-0.050596
-0.051604
-0.058952
-0.048645
-0.040308
-0.062044
-0.038939
0.019034
0.004722
-0.032613
-0.007335
-0.028178
-0.009612
0.003107
0.001612
0.060810
0.126259
0.128905
0.173399
0.215413
0.265455
0.312761
0.338074
0.362509
0.388711
0.410710
0.423092
0.456423
0.442358
0.360914
0.336690
0.355537
0.313789
0.301329
0.328549
0.325509
0.333281
0.280918
0.221787
0.213653
0.212917
0.135462
0.166942
0.113879
0.007329
0.030567
-0.044134
-0.071017
-0.074949
-0.025678
