0.014764
0.017550
-0.012671
0.008409
0.006541
-0.009318
0.011086
-0.000156
0.001570
-0.004801
-0.008190
-0.004959
-0.011755
-0.001599
-0.013723
-0.014924
-0.018929
-0.010458
-0.008477
0.002538
-0.019065
-0.038260
-0.017544
-0.026242
-0.004591
0.077526
0.102491
0.096530
0.079452
0.074574
0.089995
0.091141
0.081127
0.090142
0.090981
0.093316
0.087195
0.088954
0.086695
0.108053
0.086311
0.092178
0.081326
0.079561
0.096133
0.091222
0.084212
0.088192
0.088293
0.079696
0.072441
0.083447
0.093663
0.086781
0.063920
