-0.025344
0.028848
0.016656
0.002220
0.026623
0.002507
0.032467
0.036417
0.020025
0.016104
0.011004
0.012897
0.009195
0.093555
0.037792
-0.013703
0.012003
-0.024624
-0.011106
0.022985
0.042936
0.029104
-0.003710
0.004230
0.035409
0.074010
0.039943
0.050867
0.038580
0.003910
0.045787
0.025295
-0.068989
-0.009132
0.021330
0.111826
0.411502
0.473243
0.515534
0.516239
0.491891
0.443353
0.461531
0.475990
0.457357
0.476894
0.445482
0.425749
0.444459
0.431789
0.399016
0.396667
0.392827
0.399246
0.428960
0.339248
0.338783
0.337664
0.328680
0.332139
0.346981
0.346440
0.290238
0.305305
0.290014
0.213043
