0.024263
0.023295
0.025011
0.012930
0.007781
0.019676
0.020248
0.012685
0.014076
0.012633
0.016832
0.018642
0.014269
0.009437
0.019837
0.018894
0.016324
0.014612
0.015215
0.018685
0.027592
0.013249
-0.000853
0.001237
0.003103
0.015732
0.011238
0.010695
0.015996
0.006044
0.001511
0.009001
0.020333
0.009108
0.000839
0.006305
-0.000265
0.006841
0.014897
0.015896
0.000938
0.003166
0.012589
0.004647
0.021417
0.020049
0.009986
0.008320
0.001868
-0.007313
0.011108
0.001129
0.014023
0.008427
0.009154
0.010839
0.012084
0.020289
0.004326
0.001310
0.009508
0.017397
0.017176
0.010882
0.029235
0.037144
0.011084
0.001262
0.017482
0.027222
0.015646
0.017533
0.019804
0.022189
0.011116
0.024540
0.020936
0.026756
0.028889
0.019191
0.012943
0.017490
0.022648
0.027564
0.032415
0.024362
0.020706
0.007771
0.010464
0.012519
0.026460
0.023854
0.013268
0.007358
0.020466
0.023448
0.025330
0.030303
0.032632
0.018105
0.011284
0.012856
0.023125
0.019733
0.016525
0.002716
0.008651
-0.002793
0.001665
-0.001581
0.013702
0.010659
0.012199
0.003563
0.008057
-0.001090
0.002220
-0.003267
-0.011238
-0.014501
-0.002625
-0.004647
-0.007011
-0.014735
-0.007349
-0.002344
-0.019515
-0.019422
-0.007986
-0.024475
-0.018872
-0.021219
-0.023204
-0.022533
-0.024825
-0.030180
-0.025502
-0.021141
-0.018735
-0.015734
-0.009565
0.006017
0.011441
0.016992
0.025365
0.049227
0.090443
0.109284
0.146975
0.185503
0.218622
0.254987
0.300151
0.348569
0.388973
0.273029
