0.017821
0.004958
0.024028
0.014704
-0.072218
0.006675
-0.041935
-0.024263
0.011173
0.051189
0.036685
0.008030
-0.000292
-0.008868
0.020917
-0.025500
-0.050359
-0.088913
-0.051197
0.000433
-0.036644
-0.033369
-0.081368
-0.029131
-0.023623
-0.007453
0.022599
0.057522
0.104285
0.122283
0.094494
0.190448
0.264504
0.302525
0.285843
0.379513
0.418698
0.406122
0.410889
0.520754
0.487189
0.497788
0.430081
0.396909
0.365809
0.289081
0.244327
0.183949
0.161014
0.097834
0.067808
0.049179
-0.014469
0.061042
-0.021137
-0.063235
-0.088195
