0.209866
0.410742
0.529937
0.599351
0.673585
0.641434
0.636417
0.742919
0.615420
0.600672
0.653445
0.559440
0.510756
0.486937
0.390436
0.315448
0.213697
0.215241
0.183718
0.165048
0.062081
0.080553
0.076880
-0.013404
-0.000446
0.023176
-0.015300
-0.015403
-0.024292
-0.063766
-0.060395
-0.013654
-0.035112
-0.016190
-0.003732
-0.031369
-0.035171
0.001079
0.021171
-0.066975
0.021581
0.038471
-0.006251
0.069705
0.033616
-0.018053
-0.002888
-0.024818
-0.077541
0.029649
0.007297
0.020681
0.074343
-0.002543
-0.013463
0.048827
-0.006506
-0.005688
0.004204
-0.004869
-0.055236
-0.100471
-0.015447
0.019262
0.037556
0.036695
-0.053753
0.055694
0.012821
-0.003447
0.059462
0.011603
0.014771
0.015790
0.022924
0.005753
0.050373
0.040537
0.007503
0.030224
0.036235
0.060367
0.091715
0.021264
0.030092
0.010842
-0.042505
0.016171
0.091406
-0.001820
0.032360
-0.017218
0.043849
0.065681
-0.036091
0.042749
-0.031736
-0.037871
-0.009784
0.051426
0.011109
0.016850
-0.009647
-0.019738
-0.056307
0.054614
0.067316
0.039772
-0.047511
0.046835
0.053504
0.031957
0.009943
-0.011972
0.089249
0.048281
0.021275
0.061551
0.064847
0.049232
0.047754
0.069031
0.011095
0.031165
-0.036434
-0.056501
-0.068378
-0.026938
0.061990
0.029644
0.024115
0.007262
0.014923
-0.018783
0.000775
0.059691
0.027693
-0.014082
0.004183
-0.025553
-0.013750
0.033728
-0.082257
-0.038791
0.003427
0.036864
0.031678
-0.004718
0.027880
0.023468
0.041552
-0.026668
0.041999
0.055204
0.010989
-0.001062
-0.006134
