0.278238
0.488456
0.500885
0.454024
0.512023
0.493963
0.484105
0.536081
0.525088
0.476283
0.459512
0.486985
0.518139
0.527268
0.562461
0.502043
0.437885
0.453590
0.461418
0.432965
0.435213
0.431701
0.471967
0.461624
0.414684
0.323495
0.142937
0.120229
0.113417
0.039048
0.066076
-0.008925
0.011048
-0.009863
0.043356
0.002007
-0.032861
-0.007735
0.000771
-0.014670
0.015217
-0.060093
0.021736
-0.043560
-0.010176
0.027046
0.027595
0.029047
-0.031762
-0.018650
0.025363
0.023547
0.053862
0.003363
0.009132
0.022948
0.013508
-0.035761
0.052586
0.037156
0.013936
0.015206
-0.001721
-0.028410
-0.015593
-0.013667
0.029025
-0.002956
0.031787
0.022987
-0.036841
0.012223
-0.017495
-0.028283
0.017670
0.003048
0.002544
0.014248
0.047952
-0.016727
0.005221
-0.003962
0.042484
0.013714
-0.043428
-0.007981
0.027678
0.058535
-0.002161
0.032696
0.029399
0.037734
0.035705
-0.046559
0.002129
0.022689
-0.031369
0.035876
0.083201
-0.011976
0.007079
0.000811
0.047938
0.036963
0.054686
0.008795
-0.042855
0.013462
-0.003856
-0.009413
0.032642
0.021249
-0.019576
0.024217
0.004463
0.041001
0.026800
0.107329
0.074702
0.009240
-0.004402
0.024809
0.025426
0.004871
0.016729
0.039139
-0.002250
0.061330
0.002205
0.008768
0.080181
0.003557
-0.048906
-0.013771
-0.026947
0.023514
0.038932
0.004664
0.001505
0.041500
0.002822
0.038165
0.008485
-0.045327
-0.040162
0.043482
0.010386
0.011639
-0.027760
0.006210
0.002415
-0.027088
-0.025036
0.029675
0.036829
0.039506
-0.004728
