-0.003742
-0.022560
-0.024082
-0.005858
-0.020438
-0.044351
-0.018870
-0.023774
-0.012235
0.008279
0.001053
-0.017518
-0.048368
0.020006
-0.038334
-0.006692
0.020356
-0.008655
-0.033473
-0.041209
-0.039697
-0.025232
-0.000017
-0.023290
-0.020088
0.051627
0.124063
0.123482
0.136204
0.185032
0.227080
0.274946
0.336406
0.336511
0.391558
0.440178
0.541623
0.511488
0.455673
0.568718
0.539385
0.485319
0.486769
0.500756
0.436610
0.374933
0.336599
0.304789
0.263731
0.190656
0.109096
0.075255
0.065445
0.038436
0.083749
0.003377
-0.020166
0.002086
