0.005044
0.032035
-0.032382
-0.019056
-0.059660
-0.031485
0.057773
-0.035743
-0.005878
0.023849
-0.042054
0.024060
-0.034358
0.013644
0.057403
-0.009249
0.056308
0.004630
0.057865
-0.002298
0.077042
0.079789
-0.004157
0.097464
0.062604
0.082229
0.048373
0.027807
0.059691
0.627586
0.582223
0.717768
0.501226
0.721906
0.895624
0.404269
0.350064
0.604561
0.732550
1.107079
0.823519
0.486598
1.072686
0.799330
0.952106
0.408901
0.795028
0.819622
0.550474
0.436143
0.646776
0.600776
0.670525
0.691466
0.668127
0.713498
0.489372
0.535983
0.381954
0.930492
0.512267
0.637838
0.341478
0.488155
0.593014
0.690353
0.428341
0.505362
0.759379
0.582758
0.485565
0.426166
0.621525
0.406763
0.323655
0.334220
0.286508
0.639134
0.401059
