0.026288
-0.001875
0.026504
0.000206
-0.009868
-0.029599
-0.045059
-0.021963
-0.004535
-0.025736
-0.046809
-0.040735
0.009053
0.019485
0.036139
0.062598
0.086247
0.026519
0.020385
0.072817
0.112775
0.051857
0.037264
0.160939
0.206759
0.179254
0.393368
0.449772
0.434475
0.382504
0.472877
0.459736
0.418834
0.449818
0.445956
0.455681
0.496667
0.554904
0.672960
0.801365
0.738787
0.696314
0.735206
0.738767
0.683628
0.643281
0.691897
0.720733
0.731766
0.752106
0.728728
0.702434
0.692846
0.667626
0.641688
0.663589
0.651652
0.665456
0.552008
0.552201
0.634013
0.625424
0.639807
0.504888
0.528199
0.455436
0.508073
0.491226
0.467658
0.349494
0.390819
0.400343
0.420513
0.402935
0.275530
0.377303
0.323709
0.315572
0.445570
