-0.033886
-0.011382
0.016939
0.112102
0.034912
-0.006910
0.011862
0.006368
0.020600
0.019933
0.041026
0.004055
0.070249
0.060926
0.033381
0.040428
0.076496
0.155525
0.087677
0.158791
0.177542
0.134766
0.144893
0.205834
0.202872
0.159765
0.202689
0.303132
0.281338
0.248813
0.246703
0.292351
0.305042
0.321600
0.359310
0.398666
0.382402
0.473573
0.470294
0.480682
0.394526
-0.125328
-0.222756
-0.295497
-0.248927
-0.294794
-0.371056
-0.227421
-0.184746
-0.274264
-0.236851
-0.172065
-0.177974
-0.151808
-0.106537
-0.096306
-0.109471
-0.092230
-0.119540
0.003260
0.074431
0.099330
0.056611
-0.045200
-0.050276
0.052411
0.018369
-0.079487
-0.090130
0.103115
0.097757
-0.078112
-0.214503
-0.115593
0.049321
-0.094732
-0.116075
-0.018864
0.072753
