-0.029433
-0.017477
-0.003680
0.020343
-0.017208
-0.044434
-0.026972
-0.014229
-0.007305
-0.003770
-0.052563
-0.027048
-0.022140
-0.030770
-0.040902
-0.042998
-0.017099
-0.065838
-0.031271
-0.068740
-0.026737
-0.007479
0.012027
0.016379
0.026901
0.021277
0.055887
0.089325
0.126046
0.148062
0.200902
0.245992
0.262926
0.355495
0.420553
0.463937
0.460763
0.438849
0.442471
0.482899
0.429121
0.351521
0.350504
0.261209
0.220396
0.162977
0.114198
0.065123
0.030260
-0.009785
-0.001005
-0.020370
-0.027493
-0.058902
-0.074805
-0.059603
-0.060327
-0.087422
-0.104316
-0.060779
