0.152023
0.244991
0.260608
0.258763
0.262446
0.267761
0.264984
0.264975
0.258391
0.248376
0.223798
0.186372
0.155883
0.139528
0.105422
0.024785
0.020330
0.013631
0.028979
0.018482
0.010675
0.015073
0.021527
0.007851
0.007772
0.019951
0.005018
0.005579
0.002818
0.017637
0.009107
0.002546
0.003132
0.014195
0.010707
0.011772
0.017366
0.008895
0.011887
0.002249
0.004469
0.013906
-0.004866
0.001497
0.005182
0.014567
0.025905
0.014339
-0.001125
0.006320
0.003176
0.006633
0.013437
0.014079
0.003432
0.002764
-0.002963
0.007125
0.010155
0.002388
0.008421
0.004198
0.004069
0.012320
0.009721
0.016657
0.013195
0.012485
0.001045
0.009849
0.015328
0.013554
0.008250
0.008193
0.007983
0.014558
0.012998
0.011518
0.012695
0.011974
0.011319
0.006546
0.005306
0.015521
0.010506
0.003428
0.005078
0.012408
0.017987
0.013748
0.016307
0.019319
0.013103
0.000062
0.001319
0.011611
0.011285
0.006716
0.006886
0.007570
0.018367
0.012742
0.012308
0.019401
0.017594
0.011991
0.024360
0.010068
0.014402
0.008355
0.015382
0.013679
0.015477
0.011792
0.003299
0.008945
0.018518
0.018146
0.014802
0.006276
0.017939
0.014061
0.005549
0.018171
0.022769
0.010210
0.017229
0.017388
0.019069
0.027474
0.025883
0.020121
0.019224
0.025653
0.027483
0.021166
0.015034
0.014902
0.012951
0.015293
0.008650
0.020067
0.030749
0.027571
0.019760
0.019847
0.020734
0.018612
0.019939
0.024423
0.028116
-0.000757
0.011745
0.015689
0.013922
0.016704
0.016454
