0.726129
0.916673
0.856713
0.766146
0.667078
0.558553
0.456724
0.379354
0.288939
0.234354
0.209671
0.145006
0.103788
0.086301
0.046070
-0.036279
-0.006709
-0.022979
-0.041525
-0.006624
0.001132
-0.046605
-0.050868
-0.029631
-0.009354
-0.023855
-0.033252
0.007893
-0.012030
-0.012156
-0.034933
0.003542
0.001344
0.010448
0.002154
0.024597
-0.034409
-0.041263
-0.005295
0.021515
0.001306
0.049703
-0.037754
-0.025127
0.027652
-0.010240
0.016745
0.047179
0.009832
0.051796
0.008491
0.009146
-0.030486
-0.007967
0.017296
-0.007867
0.014884
0.009043
0.004403
0.024280
0.038631
0.018840
-0.001092
0.029726
0.049753
0.043769
0.005592
-0.006441
-0.011306
0.008288
0.022871
0.032535
0.050110
0.025638
-0.000138
0.031813
0.038633
-0.003785
0.029237
0.026769
0.054647
0.034984
-0.024863
0.022659
-0.015937
0.010542
0.049476
0.026198
0.018408
0.017539
-0.017787
0.020564
0.017109
-0.004707
0.010196
-0.010489
-0.014957
0.000750
-0.020404
-0.021253
0.036923
0.024062
-0.013105
0.017641
0.017913
0.015119
-0.007335
-0.005198
0.002205
0.037558
0.050563
0.033239
-0.030467
0.010976
0.035043
-0.009432
0.015199
-0.006902
-0.002472
-0.013954
0.002392
-0.017246
-0.007231
0.013640
0.021553
0.035883
0.022539
0.013045
0.026688
0.038160
0.002131
0.020546
-0.019118
-0.002938
0.007607
0.032805
0.042619
-0.011743
-0.036846
-0.003692
0.021614
0.033671
0.025710
0.002809
0.019749
0.016522
0.013828
-0.020607
-0.000461
0.005177
-0.030386
0.059428
0.024339
0.005257
0.001173
0.014875
