0.092059
0.146757
0.164106
0.161685
0.152899
0.164975
0.146437
0.154659
0.147281
0.157541
0.158094
0.158718
0.145169
0.117778
0.071356
0.012457
0.007608
0.009100
0.014631
0.005043
0.007850
0.002610
0.001371
-0.007340
-0.020967
-0.003834
-0.014568
-0.001384
-0.010629
-0.009574
-0.008842
0.000688
0.007182
-0.003478
0.003172
0.002894
-0.003824
0.001137
0.003963
-0.003068
0.003425
0.008322
0.001198
-0.002111
0.000438
-0.010211
0.005786
0.011376
0.015237
0.004721
-0.013233
-0.003972
0.002752
0.005355
0.011953
0.012453
0.017240
-0.000613
0.005596
-0.008931
-0.002813
-0.001145
0.004274
-0.002109
0.006335
0.007562
0.012632
0.010790
0.009162
0.012451
0.005492
0.010770
0.020719
0.022922
0.004186
0.003925
0.015417
0.010922
0.003545
0.011169
0.004683
0.002613
0.001434
0.001923
0.011347
0.003231
0.004591
0.015305
0.005416
0.010283
0.009639
0.013740
0.001754
0.006077
-0.000145
0.016328
0.014534
-0.008611
-0.002417
-0.003121
0.002653
0.010232
0.002938
-0.001812
0.013036
0.023497
0.016118
0.010885
0.011755
0.006850
0.010656
0.008108
0.008758
0.005758
0.002143
0.013673
0.014105
0.005159
0.013497
0.026066
0.026329
0.016863
0.010621
0.001725
0.006153
0.018916
0.009137
0.016163
0.024718
0.008484
0.010528
0.014474
-0.001448
0.001424
0.009514
0.009192
0.009681
0.008423
0.020762
0.012405
0.005371
0.011051
0.021393
0.023937
0.015445
0.009931
0.005155
0.011961
0.011835
0.021043
0.001106
0.009249
0.009167
0.012527
0.027027
0.022992
0.015825
