-0.090428
-0.171862
-0.177532
-0.034563
-0.023422
-0.009062
0.084625
0.080546
0.168064
0.221397
0.319505
0.260451
0.346203
0.395901
0.383279
0.410921
0.375649
0.400517
0.276986
0.290141
0.274004
0.207741
0.176820
0.135804
0.158165
0.048203
-0.004072
-0.006462
0.008388
0.000499
-0.037650
-0.075041
-0.104648
-0.088007
-0.043841
-0.002742
0.005689
0.003265
-0.064125
-0.057698
-0.074699
-0.067571
-0.037068
-0.048972
-0.054441
0.024476
-0.041422
-0.039028
-0.011099
0.011245
-0.005671
-0.026929
0.024120
-0.016953
0.021318
0.016110
0.019738
-0.019358
-0.029825
-0.045333
-0.052647
-0.022129
-0.042131
0.028334
-0.013732
-0.043342
-0.044149
-0.038092
0.031230
0.047297
0.118864
0.110321
0.134411
0.103492
0.090374
0.057584
0.051820
0.001885
0.041193
0.039767
0.042059
0.024923
-0.035025
0.062457
0.053195
0.067023
0.034018
-0.014169
0.018339
0.051589
0.030927
0.078761
0.001937
0.038012
0.044496
-0.016640
-0.021656
0.034730
0.058884
0.007557
-0.022487
0.000665
-0.036297
-0.002823
0.012809
0.063866
0.088308
-0.015643
0.011545
-0.049637
-0.045228
-0.052019
0.000721
0.022186
0.058815
-0.004929
-0.001561
0.031462
0.034497
0.040463
0.054237
0.046599
-0.034008
0.012375
-0.043827
-0.032659
0.081054
-0.028600
0.001225
-0.092093
-0.012558
-0.001526
-0.054351
-0.053904
-0.023012
-0.036909
-0.066480
-0.046552
0.011493
0.045226
0.004751
0.019606
0.042918
0.016270
-0.020641
0.016495
0.093791
0.107923
0.040456
-0.024823
-0.006346
-0.005871
0.069725
0.087207
0.013369
0.085520
0.043655
