-0.017654
-0.004751
0.045080
-0.028629
-0.030952
-0.020124
0.005135
0.030733
-0.017569
-0.081014
-0.084605
-0.037055
-0.048170
-0.061795
-0.069833
-0.043156
-0.063186
0.031027
0.011286
0.027254
0.018297
0.066071
0.090901
0.095804
0.153230
0.105868
0.189313
0.200374
0.257240
0.352373
0.414599
0.337794
0.385930
0.382717
0.271427
0.280903
0.191506
0.190886
0.212183
0.122853
0.141740
0.124298
0.116351
0.076099
-0.001005
0.015355
0.053103
-0.048955
-0.019020
-0.009707
0.024565
0.002753
-0.046182
-0.058631
-0.001196
-0.000727
-0.074080
-0.083756
-0.049040
-0.023572
-0.029997
0.008653
0.001759
0.042574
0.002124
-0.042374
-0.054198
-0.003162
0.000620
-0.012770
-0.051542
0.008446
-0.013662
-0.028856
-0.009479
0.061633
0.076023
0.000181
-0.040242
0.037124
0.023885
-0.007766
0.016702
0.033064
-0.019272
-0.036018
-0.022525
-0.007673
0.013616
0.021648
0.019550
-0.005614
0.029669
0.039681
0.018090
-0.007618
0.013928
0.046577
-0.011230
0.018110
-0.031747
-0.036148
-0.021459
-0.041517
-0.010670
-0.007111
0.041366
0.058925
0.034468
0.010433
0.046904
0.046318
-0.049639
0.010650
0.085485
0.010062
0.011793
-0.003447
-0.046066
-0.036319
0.009278
0.013774
0.011078
0.050926
0.016235
-0.003892
0.051158
0.025025
0.012186
0.015704
0.040039
0.058005
0.050005
0.005198
-0.030974
0.008893
0.009141
0.063971
0.040598
0.044141
-0.002944
-0.024153
0.013009
-0.013682
-0.093689
-0.002963
0.028760
-0.029551
0.031192
-0.001360
0.045117
0.070203
-0.023236
-0.013186
-0.012364
0.067559
0.061884
