0.617819
0.672690
0.838321
0.868654
0.957257
1.000382
1.135064
1.182417
1.274465
1.355196
1.408675
1.487077
1.560207
1.586991
1.714773
1.747030
1.770760
1.842674
1.861736
1.940743
2.006938
2.075337
2.093546
2.106381
2.092961
2.131327
2.176653
2.184229
2.164887
2.187601
2.128397
2.168118
2.254112
2.265311
2.325257
2.332488
2.359718
2.398193
2.418566
2.484453
2.422712
2.419516
2.464621
2.476870
2.473490
2.374335
2.350613
2.223062
2.100556
1.886163
1.743380
1.594608
1.414328
1.305066
1.176905
1.027879
0.897055
0.773135
0.646968
0.536671
0.458571
0.397190
0.330147
0.201869
0.180153
0.118702
0.060743
-0.005986
-0.027068
-0.086051
-0.048664
