-0.090428
-0.164991
-0.186247
-0.041559
-0.018227
-0.017672
0.082941
0.075485
0.165982
0.210649
0.320525
0.259174
0.341278
0.389395
0.385046
0.414055
0.375016
0.406125
0.284690
0.284454
0.278052
0.211201
0.175827
0.145663
0.153320
0.057322
-0.004208
-0.005219
0.008913
-0.000653
-0.028954
-0.076172
-0.103134
-0.087599
-0.046055
-0.010874
0.007860
0.004621
-0.058152
-0.059239
-0.076594
-0.064841
-0.041842
-0.047999
-0.050867
0.021011
-0.039003
-0.034280
-0.020393
0.014510
-0.003463
-0.028279
0.025075
-0.021912
0.024165
