-0.008079
-0.004027
-0.028590
-0.029113
0.030386
0.004275
0.009325
-0.010782
-0.037998
-0.021739
0.076271
0.020011
0.004718
-0.027160
0.044161
0.067016
0.018961
0.037255
0.057745
0.027387
-0.032571
-0.015117
0.008696
0.032006
0.007330
-0.027191
0.008915
-0.029606
0.012444
0.013450
0.029667
0.008695
0.037730
0.037662
0.022739
0.018184
0.009755
0.093093
0.512150
0.549494
0.527916
0.521301
0.537572
0.504284
0.503736
0.478925
0.471657
0.471590
0.471812
0.489686
0.463578
0.467142
0.474784
0.437098
0.403535
0.436671
0.263996
