-0.002934
0.026795
0.014324
0.021247
0.010217
0.017236
0.017260
-0.007193
0.001257
0.034353
0.030650
0.034256
0.015179
0.000481
0.006978
-0.008698
0.035535
0.017317
0.033360
0.022091
-0.015634
-0.058635
-0.038507
-0.009397
0.027014
0.027198
-0.010697
0.015920
0.031825
-0.002241
0.033354
0.013817
-0.019024
-0.029372
0.010537
0.068421
0.016750
-0.014332
0.021338
0.025883
0.018176
0.000387
-0.000219
0.018066
0.040783
-0.017579
0.002735
0.039522
-0.044605
0.016891
0.029381
0.037232
0.041589
-0.022174
-0.006826
0.033172
0.042976
-0.020533
0.010639
-0.021249
-0.038997
-0.003154
-0.003875
0.025579
0.054568
0.015297
-0.049874
0.033071
0.030899
0.063225
0.032739
0.039641
-0.010645
0.018336
0.049545
0.039245
0.039419
0.047928
0.018411
-0.019061
-0.042867
-0.008833
0.019369
0.003026
0.014149
0.017849
0.030423
0.015073
0.034335
-0.014828
0.006666
0.060339
0.029015
0.010665
0.007580
0.002740
0.020921
-0.021689
-0.006215
-0.023949
-0.009579
0.018062
0.024521
0.006088
-0.004269
0.013492
-0.005577
0.044548
0.004726
-0.002764
0.012931
-0.025517
0.049959
0.032339
-0.011179
-0.019251
-0.041289
-0.048082
-0.056323
-0.041411
-0.003858
0.037950
0.036798
0.047468
-0.009711
-0.017472
-0.046465
-0.030735
0.049890
-0.012405
-0.002005
-0.079217
-0.029593
-0.007900
-0.022034
-0.012609
-0.010617
-0.016673
-0.007997
0.086332
0.071296
0.149955
0.188168
0.213225
0.263070
0.311361
0.363686
0.522633
0.594013
0.647686
0.661815
0.704710
0.748891
0.788449
0.806447
0.675015
