0.103246
0.172451
0.193467
0.171568
0.163809
0.156971
0.165854
0.151624
0.142613
0.149762
0.132016
0.115843
0.131477
0.119064
0.114340
0.127124
0.133127
0.105978
0.097501
0.080688
0.040715
-0.023587
-0.028169
-0.022629
-0.039752
-0.021784
-0.026285
-0.006843
-0.011061
-0.039959
-0.029984
-0.035585
-0.025623
-0.035755
-0.037398
-0.021698
-0.018294
-0.030385
-0.001258
-0.000295
0.007255
-0.003147
-0.004495
-0.004523
0.002390
-0.003211
-0.004526
-0.005965
0.015874
0.011500
-0.004451
-0.001530
-0.010121
0.003078
0.021228
0.011249
0.001475
-0.005900
0.002085
-0.003443
0.002383
0.017040
0.021434
-0.003521
-0.000288
0.013257
-0.006445
0.018606
0.004629
-0.022315
0.013762
0.017497
0.020322
0.025120
-0.003873
0.009976
0.011063
-0.003304
0.005452
0.011091
0.019150
0.014973
0.033495
0.007952
0.013070
0.029644
0.014114
0.013133
0.016579
0.020226
0.020064
0.026249
0.021696
0.016042
0.028454
0.016765
0.011258
0.010970
0.017722
0.019680
0.022240
0.002086
0.004769
0.021592
0.020038
-0.003680
0.012173
0.009876
0.011555
0.043631
0.025634
0.027250
0.008334
0.021916
0.036567
-0.019904
0.001447
-0.001936
-0.018973
0.015511
0.007057
0.004916
0.012014
0.008592
0.034547
0.028211
0.022919
-0.006071
0.008926
0.015196
0.001335
0.010461
0.030466
0.040697
0.005984
0.012777
0.017135
0.019025
0.011049
0.017534
0.014726
0.003601
0.006151
0.015590
0.020829
0.031924
-0.004406
0.020050
0.009098
0.018238
0.017317
0.002693
0.002277
0.000948
-0.008070
0.005617
0.000564
