-0.010708
0.008553
0.019409
0.029764
0.028397
0.021145
0.001721
-0.034158
0.008176
-0.014464
0.021234
-0.009717
0.046825
0.072058
0.078822
0.032850
0.005557
-0.007321
0.033467
-0.018371
-0.025799
0.010278
0.034581
0.062300
0.039322
0.040532
0.050258
0.143304
0.439413
0.494990
0.498454
0.530211
0.498979
0.508302
0.551208
0.536355
0.538541
0.543675
0.564850
0.623208
0.575825
0.555882
0.547489
0.532786
0.528854
0.584409
0.592398
0.620209
0.587845
0.548664
0.560986
0.520302
0.537663
0.503712
0.490719
0.551823
0.564400
0.506640
0.529405
0.542571
0.558533
0.541436
0.532250
0.522897
0.539580
0.567362
0.391325
