0.567595
0.924892
0.919107
0.851490
0.835792
0.742358
0.665289
0.599269
0.462548
0.418166
0.335660
0.287418
0.222102
0.178844
0.147027
0.071018
0.053972
0.055984
0.001867
-0.002001
-0.035852
-0.043855
-0.022017
-0.024384
-0.044671
-0.040386
-0.042599
-0.021657
-0.021444
0.001741
0.011035
-0.064908
0.015017
-0.040795
-0.027500
-0.011192
-0.015613
-0.010881
-0.003632
-0.022750
0.002212
0.033087
-0.025288
-0.031403
-0.035719
-0.035654
0.030370
0.027046
0.028836
0.021228
0.042847
0.005602
0.021299
0.003523
-0.006125
-0.003437
0.005509
-0.009739
-0.014425
-0.012295
0.019956
-0.002760
0.052428
0.000893
-0.021119
-0.022343
0.036917
0.066117
0.045636
0.064846
0.028328
0.029079
0.067955
0.027480
0.013492
0.000381
-0.006280
0.005588
0.019250
-0.017865
0.017660
0.018648
0.006338
0.004805
0.000002
-0.000879
0.039756
0.030486
0.033708
0.020084
0.016620
0.010242
-0.028213
-0.015669
-0.012523
0.046815
0.011688
0.008348
0.044361
0.018742
0.009012
0.000405
-0.005927
0.026586
0.029492
-0.009648
0.065614
-0.000917
0.000293
0.059851
0.048800
0.020386
-0.000695
0.028582
0.000329
0.040679
0.007353
-0.018171
-0.008989
0.040705
0.053666
0.034117
0.040628
-0.001690
0.011182
-0.018574
0.017885
0.027480
0.004683
0.021786
0.007587
0.025709
-0.000606
0.007108
0.003926
0.018691
0.019331
0.009188
-0.007443
0.004975
0.019008
0.000298
-0.028264
0.038069
0.013398
0.002352
-0.008797
0.012519
0.007521
0.001932
0.021832
0.006606
0.004123
-0.003744
-0.016893
-0.002540
-0.011780
