0.724837
1.148313
1.242638
1.172642
1.198463
1.233221
1.242205
1.188314
1.253951
1.271228
1.232517
1.230340
1.270104
1.253882
1.284281
1.316819
1.295377
1.224442
1.245035
1.295580
1.217298
1.254428
1.257679
1.251292
1.223987
1.231525
1.249763
1.299760
1.347261
1.319709
1.233548
1.202675
1.286817
1.278276
1.328593
1.328801
1.299341
1.050327
-0.036588
-0.021586
0.011475
0.006255
0.026309
0.001785
0.065807
0.042335
-0.013537
-0.038089
0.006548
0.068265
0.045363
0.062157
0.001173
0.036039
0.031211
0.020597
0.023108
0.046929
-0.013941
0.029876
0.063537
0.038986
-0.054946
-0.044802
-0.053091
-0.003097
0.025621
-0.043253
0.054880
-0.022192
0.004884
-0.008269
-0.003066
-0.012107
0.006822
-0.018442
-0.023687
0.029705
0.081516
0.027089
0.049158
0.060371
0.075271
0.006722
0.043731
0.041002
0.057762
-0.028654
0.008870
-0.021129
0.044974
0.029882
0.040508
0.006757
0.038030
0.029466
-0.008452
0.011703
-0.005560
-0.004565
0.005552
0.042936
0.036489
-0.000751
0.016276
0.041197
0.023962
0.094468
0.046788
0.052343
-0.007841
0.009748
-0.006415
0.093936
0.028338
-0.000846
-0.020888
-0.048530
0.018900
0.059738
0.025241
0.007323
-0.038541
-0.031612
-0.019798
0.013551
-0.014800
-0.063132
0.016899
0.026754
-0.020878
-0.021256
-0.038860
-0.107447
-0.140915
-0.061743
-0.149690
-0.163318
-0.173098
-0.135857
-0.131377
-0.148839
-0.165302
0.011808
1.196544
1.323314
1.330179
1.275945
1.317838
1.256037
1.189853
1.216975
1.153419
1.125638
1.090232
1.003337
0.589445
