0.058449
0.033581
0.126416
0.072284
-0.003817
0.006285
-0.006015
0.041199
0.014588
0.034046
0.001203
-0.045127
-0.024612
-0.038319
-0.000694
-0.013929
-0.036160
-0.052998
-0.050481
-0.068465
-0.085999
-0.125214
-0.108461
-0.136628
-0.153554
-0.165332
-0.169524
-0.157215
-0.172445
-0.171547
-0.192584
-0.132008
0.223913
0.677746
0.700435
0.655655
0.620353
0.572042
0.601826
0.672367
0.622301
0.571004
0.553911
0.528880
0.503405
0.448720
0.477749
0.431528
0.452652
0.411452
0.399454
0.427917
0.392280
0.374552
0.313149
0.324573
0.253711
0.303182
0.257444
0.209136
0.272878
0.169831
0.210950
0.130885
0.123282
0.136792
0.083434
0.073170
0.106452
0.039358
0.034560
0.058140
0.005514
-0.050253
-0.025855
