0.181159
0.352344
0.405232
0.426500
0.475687
0.488028
0.490508
0.553361
0.556861
0.514133
0.477847
0.492541
0.464681
0.446285
0.391673
0.339990
0.304120
0.249650
0.205288
0.156676
0.125797
0.108565
0.091268
0.076980
0.071844
0.023572
0.002913
0.000062
-0.028692
-0.015580
0.002482
-0.006923
-0.010043
-0.011058
-0.022622
0.012536
-0.026873
-0.033929
-0.022565
-0.018344
-0.008022
-0.048766
-0.040677
-0.023367
-0.027382
-0.002214
-0.002996
-0.011064
-0.008710
0.009622
-0.021558
-0.020818
-0.008655
-0.030590
-0.025060
-0.004540
0.004339
0.021761
0.020969
0.022914
0.026526
0.025473
-0.006057
0.010440
-0.002557
-0.009379
-0.037448
-0.000751
-0.004685
0.018634
0.001940
0.020349
0.019315
0.011728
-0.007582
0.014632
0.040697
0.007171
0.038781
0.044235
-0.003169
0.021387
0.021805
0.021538
0.023873
0.005275
-0.016330
-0.005686
0.006233
0.018846
0.053129
0.030296
0.000404
-0.027873
-0.020723
0.010769
0.018822
0.030386
0.026206
0.033834
0.016774
0.014169
0.015552
0.001836
0.011213
0.018586
0.010357
-0.002473
-0.001506
0.009398
0.029398
-0.009512
-0.024151
0.016248
0.016833
0.000246
-0.004249
0.008751
0.020470
0.024677
-0.007755
-0.007693
0.008351
0.011509
-0.007242
-0.017113
-0.031259
0.004488
0.027479
0.038537
0.019366
-0.017695
0.008189
-0.020318
0.011407
0.020799
0.020208
-0.008221
-0.000214
0.011856
0.012379
0.019739
0.003697
0.007941
0.016416
-0.026826
-0.006800
0.038424
0.040422
0.036225
0.009403
0.008287
-0.007817
0.028077
-0.004942
0.000301
0.000026
