0.059152
0.069324
0.029897
0.014053
0.016874
-0.001296
0.051611
0.015926
-0.024017
-0.073275
0.018550
-0.025975
-0.012395
0.024030
0.004171
-0.005400
0.002569
0.013544
0.033668
0.051415
-0.034378
-0.040160
-0.053087
-0.031952
-0.004189
-0.058073
-0.047427
0.010744
-0.021679
-0.042248
-0.039084
0.007596
0.065471
-0.025659
-0.046144
0.021269
0.019487
0.033315
-0.014594
-0.026505
0.050121
-0.024280
-0.004192
0.042383
-0.007106
0.044832
0.034241
-0.023472
-0.014656
0.002397
-0.053490
-0.058270
-0.030672
0.020749
0.036836
0.077377
0.005256
-0.029658
-0.051879
-0.018698
-0.078392
0.036515
0.019582
0.016750
-0.008887
-0.036945
-0.028244
0.005736
0.032373
-0.035799
-0.016972
-0.062696
-0.026491
0.059655
-0.038960
-0.004106
0.019696
-0.041097
0.024937
-0.036122
0.017610
0.056523
-0.009651
0.054147
0.005961
0.058585
-0.004446
0.082886
0.075174
-0.001349
0.099720
0.062922
0.081911
0.046699
0.027304
0.067706
0.641893
0.575516
0.724551
0.493873
0.734767
0.887440
0.383986
0.361230
0.611677
0.748404
1.117239
0.803680
0.486905
1.090480
0.773467
0.945262
0.403410
0.809249
0.811621
0.528573
0.466809
0.629449
0.618042
0.653197
0.699458
0.672043
0.693344
0.495890
0.520249
0.393388
0.933207
0.506224
0.630699
0.331718
0.499637
0.597986
0.699321
0.407392
0.535913
0.741018
0.595590
0.473300
0.420937
0.626901
0.399660
0.319657
0.330620
0.309730
0.628621
0.396170
0.616810
0.971201
0.468538
0.853359
0.822862
0.853434
0.477888
0.735049
0.777557
0.872815
0.519036
