0.331509
0.506835
0.536494
0.504392
0.468595
0.435355
0.328900
0.296889
0.268853
0.245174
0.180711
0.131091
0.136056
0.133582
0.043258
0.051894
0.010363
-0.052619
-0.076105
-0.034703
-0.016551
-0.075092
-0.039677
-0.032877
-0.015097
-0.061237
-0.085358
-0.033033
-0.042589
-0.032100
0.029589
0.002528
-0.036423
-0.006558
-0.014073
-0.012127
-0.001614
0.028073
-0.012033
-0.002165
-0.009964
0.018960
0.034662
0.009655
0.044238
0.018649
0.015888
0.042706
0.007223
-0.063239
0.005567
0.058539
0.037491
-0.032935
-0.000807
0.005064
-0.016003
-0.009676
0.038946
-0.027945
0.012996
0.022278
-0.010010
-0.009759
0.030119
0.008635
0.019913
-0.027395
-0.010474
0.021921
0.033285
0.013595
0.015261
0.019540
0.008229
0.002946
-0.034419
0.033879
0.045262
0.022828
-0.013973
0.045877
0.033642
-0.013369
-0.038392
0.070540
0.000762
0.038431
0.009265
0.052396
0.020572
0.024496
0.015712
-0.014272
0.046189
0.002310
-0.026464
-0.017321
0.003619
0.055409
0.052679
0.014752
0.018902
0.022071
0.004939
0.030118
-0.020472
-0.028496
-0.001863
0.054767
-0.015720
0.016906
0.015783
-0.012168
-0.010678
0.027417
0.008948
-0.026818
0.003999
0.006195
0.024735
0.063198
0.015571
-0.007599
0.013105
-0.014126
-0.030589
0.013800
0.018453
-0.005165
0.042391
0.112448
0.039387
0.003201
0.027992
0.004208
-0.002863
0.059412
0.034212
0.020707
0.009675
0.032846
0.011615
-0.031089
0.031923
0.027311
0.020209
0.002729
-0.011534
-0.013020
-0.027866
-0.046257
-0.003586
0.022833
-0.035420
0.028480
0.005237
