0.251559
0.428967
0.483706
0.525794
0.557820
0.544458
0.531032
0.481068
0.423032
0.394028
0.366649
0.325869
0.256463
0.181148
0.137917
0.087743
0.052007
0.044330
0.035998
-0.015923
-0.053530
-0.047483
-0.055569
-0.040370
-0.023861
-0.028603
-0.019514
-0.053082
-0.082425
-0.069217
-0.085495
-0.050841
-0.032438
-0.006650
-0.052819
-0.041262
-0.008962
0.028328
-0.008607
0.010051
-0.004302
0.001926
-0.002725
0.029661
0.037797
0.024296
-0.011324
-0.012266
0.004004
-0.005345
0.022068
0.014663
0.036292
0.019699
-0.009814
0.011444
0.038568
0.051929
-0.002154
-0.016647
0.037491
0.022942
0.028787
0.026145
0.027473
0.025870
0.066977
0.042292
0.030608
0.014654
0.040586
0.014104
0.003742
-0.011669
0.028156
-0.006661
0.020853
0.038281
0.044630
0.026827
0.031567
0.012358
0.058520
0.016952
0.013475
0.004763
0.016723
0.077317
0.054126
0.023492
0.025488
0.027003
0.008362
0.001185
0.023951
0.048085
0.052831
0.033895
-0.006078
0.013735
0.004114
0.000432
0.018626
0.024869
0.006197
0.020050
0.024208
0.052540
0.016610
0.013012
-0.032287
-0.001742
-0.006993
0.016065
0.026746
-0.001969
-0.007530
-0.002103
-0.004733
0.017277
0.015961
0.003026
0.017427
0.016713
0.014698
0.024354
0.023056
0.002638
0.013885
0.018518
0.006989
-0.023043
-0.022641
0.020555
0.006361
0.008640
-0.001800
-0.000068
0.029655
0.012955
-0.022353
0.005073
0.018664
-0.001569
-0.011529
0.030170
0.020343
0.006601
0.023744
0.000659
0.009367
0.016318
0.023867
0.001109
0.039210
0.014210
0.005025
