0.019073
-0.026066
0.016412
0.030620
0.007131
-0.009576
0.008290
0.032488
0.033816
0.005005
0.013120
-0.032335
-0.017946
0.018600
-0.018272
-0.002891
0.019319
-0.000628
0.018787
0.027922
-0.017597
0.050641
0.046073
0.007873
0.014536
0.032956
0.035781
-0.012457
-0.009285
0.066234
0.022517
0.011882
-0.019508
-0.014099
0.018814
0.035994
0.033638
0.004934
0.020228
-0.019731
-0.028220
0.014345
0.001933
0.002902
0.010317
-0.032243
-0.013395
0.024628
0.059256
-0.018701
-0.003887
0.041119
0.027259
0.025103
0.005534
0.020547
0.004046
-0.000756
0.026131
0.050111
0.054442
0.048774
0.052906
0.019516
-0.003464
-0.008078
0.031682
0.010420
0.023181
0.019568
0.007575
0.013142
0.033735
0.056865
0.061975
0.040837
0.012677
-0.001429
0.052661
0.009642
0.018023
0.062529
0.003307
-0.005329
-0.007332
0.027919
0.055787
0.019533
0.008190
-0.001902
-0.016486
0.019602
0.030936
0.046869
0.034314
0.027330
0.026380
-0.000132
0.028549
0.050139
0.013428
0.032756
0.009164
0.007306
0.018407
0.007869
-0.030947
-0.012688
0.040137
-0.019015
-0.038727
0.076087
0.006508
0.023966
0.010911
-0.007528
0.000686
0.004140
0.027364
0.049610
0.027702
0.009355
-0.017736
-0.017619
-0.031519
-0.015455
-0.041909
-0.046741
-0.049685
-0.062984
-0.036964
-0.019254
-0.005960
-0.002564
-0.021379
-0.014278
-0.003319
-0.017774
0.025824
0.036149
0.070943
0.091575
0.125389
0.175445
0.221069
0.287906
0.354416
0.420894
0.527944
0.574604
0.664307
0.728821
0.789344
0.784623
0.823911
0.530596
