0.041263
0.089129
0.003611
0.026599
0.013012
-0.032781
0.006904
0.015683
-0.018675
0.051934
0.029283
0.009698
-0.039484
0.008907
0.023030
-0.009562
-0.078031
-0.056051
0.051085
0.017868
-0.049585
-0.056690
-0.094933
0.014472
-0.029494
-0.002141
-0.047776
-0.094572
-0.050179
-0.045826
-0.073817
-0.056351
-0.022918
-0.091673
-0.070966
-0.054000
-0.076255
0.021006
-0.031120
-0.104037
-0.075837
-0.067692
-0.015956
0.026756
0.060138
-0.042038
-0.021754
0.003787
-0.042672
-0.045455
-0.022135
-0.037724
0.011917
-0.015975
0.005308
-0.037073
-0.012343
0.023641
0.112602
0.028442
-0.005272
0.013608
0.007501
0.018439
0.022342
0.036724
0.006838
0.073566
0.056787
0.038061
0.037243
0.083785
0.150987
0.089792
0.160755
0.177370
0.135261
0.144831
0.208461
0.202199
0.157135
0.208133
0.305355
0.281187
0.244685
0.250939
0.289764
0.307677
0.320581
0.361800
0.400854
0.382403
0.476652
0.473079
0.476325
0.386582
-0.136661
-0.227906
-0.293426
-0.249017
-0.300807
-0.363723
-0.229287
-0.184034
-0.281404
-0.227405
-0.176303
-0.173959
-0.144560
-0.111916
-0.093899
-0.108288
-0.094378
-0.116700
0.012149
0.072710
0.103372
0.051475
-0.051990
-0.047873
0.060457
0.014198
-0.087609
-0.081629
0.108516
0.089012
-0.084308
-0.219813
-0.106054
0.048814
-0.099320
-0.118451
-0.009421
0.070485
0.017370
0.062247
0.001181
-0.022060
-0.058329
0.039356
-0.076042
-0.028043
-0.002424
0.111784
0.055839
0.202416
0.051942
0.048244
0.222285
0.014530
0.167358
0.207596
0.157563
0.266110
0.211904
0.261869
0.067758
