0.042798
0.028104
-0.007935
-0.006507
0.023664
-0.024913
0.023971
-0.000079
0.003106
0.012999
-0.027158
0.007140
0.005494
-0.032362
-0.024979
0.035419
0.007350
-0.017452
-0.022439
0.034373
0.021627
-0.000801
0.023426
0.000039
-0.008234
-0.036612
-0.040866
-0.021610
-0.002926
-0.033570
-0.046191
-0.031718
0.007995
0.021891
0.032988
0.068548
0.085844
0.017771
0.025992
0.078470
0.107485
0.045371
0.052457
0.161963
0.206374
0.189787
0.405517
0.455819
0.425697
0.383426
0.485976
0.452848
0.414290
0.452354
0.444132
0.458687
0.506657
0.557856
0.693840
0.801263
0.728582
0.703118
0.732264
0.740446
0.672210
0.645424
0.691836
0.730220
0.735472
0.740547
0.730704
0.707953
0.681719
0.675609
0.631170
0.664153
0.659555
0.652580
0.546406
0.559846
0.639260
0.622969
0.632976
0.501148
0.524834
0.452919
0.513278
0.479864
0.467163
0.341675
0.396717
0.400489
0.413871
0.391586
0.276005
0.385442
0.306567
0.334495
0.433687
0.334872
0.319255
0.254368
0.226161
0.251266
0.304133
0.264060
0.171518
0.138390
0.168856
0.187594
0.095852
0.184142
0.125988
0.155253
0.057818
0.171595
0.128444
0.066332
0.103114
0.079536
0.080307
0.056797
0.068436
0.055222
0.083374
0.001671
-0.121364
-0.140502
-0.117347
-0.089260
-0.059305
-0.070199
-0.062283
-0.052437
-0.045033
-0.036988
-0.020486
-0.052583
-0.038786
-0.007930
0.035634
-0.002534
-0.001418
-0.034566
-0.007027
0.044692
0.004995
0.002199
0.000496
0.012299
0.063736
0.074541
-0.006174
0.037649
0.036674
0.052489
