0.154901
0.246698
0.318238
0.412665
0.435134
0.490596
0.485287
0.583976
0.549602
0.552984
0.605893
0.588036
0.533500
0.478283
0.474923
0.443391
0.421771
0.338665
0.274262
0.186610
0.178797
0.117569
0.127392
0.121774
0.104122
0.027960
0.020416
-0.016213
-0.001213
0.000480
-0.021166
-0.007110
-0.054229
-0.005422
0.000402
0.014386
-0.019153
-0.053168
-0.017558
-0.035497
0.011484
0.056872
0.024617
0.020526
0.054985
0.023115
0.017199
0.080566
0.027914
0.002347
-0.058809
0.019917
0.000721
0.008105
-0.014759
-0.036952
-0.008436
-0.031337
0.008800
0.028574
0.004506
0.040880
-0.009892
0.039907
0.050160
0.029967
0.023488
0.006326
0.016244
0.069957
-0.010738
-0.027582
0.017950
-0.047465
0.008803
-0.056383
-0.045487
-0.029051
-0.028790
-0.001485
-0.008961
-0.003797
0.018140
0.042806
0.051384
-0.037911
-0.021941
0.020999
0.005290
0.049218
-0.002472
0.038436
0.061964
0.012494
0.034702
0.017463
0.001225
0.029235
-0.006248
-0.054149
-0.036447
-0.006346
0.066259
0.014508
-0.006079
0.000388
0.017025
0.050266
0.010976
0.031473
0.045198
-0.024075
0.029189
0.004809
-0.001328
-0.029930
-0.020338
0.045555
0.017100
0.004498
0.017961
0.036649
-0.037741
-0.005213
0.050197
0.031019
-0.008874
0.014059
0.007007
0.028241
0.049259
-0.002676
-0.022107
0.014546
0.010475
0.010437
-0.010278
0.016481
0.042781
-0.000009
0.032155
0.076485
0.042282
0.013128
0.001243
-0.050475
0.042783
0.050662
0.005025
-0.022287
0.007916
0.021840
-0.013679
0.022602
0.025119
0.037474
0.043339
