0.068411
0.163342
0.246991
0.275277
0.301717
0.404225
0.314953
0.361372
0.375079
0.391052
0.356800
0.368951
0.322166
0.254074
0.261828
0.184951
0.157341
0.130864
0.050839
0.054047
0.060150
0.044496
0.013276
0.017322
-0.000567
-0.006700
-0.012017
-0.015331
-0.015165
0.004176
-0.037542
-0.012835
-0.022299
-0.002923
0.000463
-0.016777
0.010135
-0.049103
-0.014325
-0.018314
-0.002752
-0.011128
0.039509
0.043885
0.017955
-0.018214
-0.053358
-0.019708
-0.040670
-0.060292
-0.040795
-0.032011
-0.009925
-0.006766
-0.014999
-0.044551
0.025158
0.048269
0.007700
-0.012654
0.020658
0.023569
-0.004015
-0.010489
0.012269
0.035363
0.023496
0.003399
-0.023108
0.016512
0.025422
0.000109
-0.013877
-0.021104
-0.039582
-0.025502
-0.015550
-0.007794
-0.020806
0.016700
-0.030008
-0.024692
0.009337
-0.033063
-0.000002
0.007777
0.041213
0.063883
0.045660
0.045977
0.013798
0.048824
0.007853
0.020305
0.045893
-0.049724
0.023461
0.035185
0.058698
0.036334
0.002615
0.056110
0.012903
0.019506
-0.004046
0.013140
0.018980
0.010926
-0.023876
-0.023413
-0.034039
0.024492
0.055619
0.019302
0.020241
0.004980
-0.051173
-0.012208
0.038436
0.065631
0.061780
0.017159
-0.011732
-0.009654
0.028221
0.017166
0.031964
0.023847
0.071679
0.002925
-0.027697
0.015659
0.000824
-0.020869
0.011001
-0.005434
-0.003653
-0.045443
-0.002742
-0.022926
0.004786
0.003661
0.014621
0.038656
0.026110
0.027493
0.024398
0.036174
-0.001566
-0.025159
0.002613
0.033742
0.025132
0.003801
0.044610
0.016248
0.004716
