0.016556
-0.002754
0.014932
-0.036405
-0.009178
0.038422
0.019683
0.044801
0.008054
0.076766
0.024419
0.036725
-0.000364
0.013346
-0.029272
0.016331
0.018825
-0.026897
-0.025787
-0.000590
0.010446
0.016953
0.021634
0.027876
-0.005395
0.019482
0.029537
-0.019279
-0.018949
0.008661
0.051302
-0.009373
-0.007178
0.036537
0.028814
0.015488
-0.015161
-0.015692
0.007501
0.014676
0.000851
0.030550
-0.025593
-0.009304
0.017416
-0.011318
-0.010896
0.045761
0.024944
0.030204
-0.010317
0.037939
-0.004530
-0.027658
-0.010516
0.000760
0.014743
0.009805
0.006024
-0.004583
0.035466
-0.004962
0.021075
0.023968
-0.026408
0.006890
-0.018833
-0.002493
0.027376
0.048102
0.019160
-0.010459
-0.041371
-0.024463
0.010950
0.015434
0.032068
0.022289
0.023868
0.024444
0.047281
0.062240
0.018462
-0.011253
-0.016474
0.037258
0.008340
-0.005686
-0.023373
-0.003845
-0.009676
-0.044423
-0.022072
0.003453
0.039050
0.033233
0.028067
0.014267
0.022942
0.015075
-0.008434
-0.014340
-0.029332
0.004531
0.039314
-0.003825
-0.013886
-0.024278
-0.045878
0.059181
0.037597
0.025657
-0.033106
0.014412
0.074833
0.025101
0.035096
0.055230
0.036320
-0.012711
-0.014148
-0.015313
0.025071
0.030479
-0.018269
-0.020296
-0.001458
0.001702
0.008118
0.018788
0.012779
0.028526
0.032128
0.023173
0.040389
0.003367
0.004399
0.379186
0.541258
0.548296
0.512889
0.549527
0.511409
0.504661
0.496069
0.466137
0.484181
0.471244
0.474404
0.483527
0.463595
0.467309
0.471716
0.400798
0.422411
0.372854
