-0.160694
-0.212109
-0.240774
-0.242930
-0.246257
-0.234056
0.219207
0.484639
0.463084
0.448154
0.445776
0.420950
0.423664
0.390482
0.371292
0.380011
0.360724
0.344070
0.342850
0.320387
0.305276
0.313829
0.308353
0.271112
0.255598
0.253657
0.260234
0.228234
0.215640
0.197847
0.186644
0.195390
0.172821
0.161321
0.158708
0.126588
0.122201
0.126323
0.097481
0.099362
0.082642
0.097080
0.091639
0.055671
0.056338
0.073270
0.063398
0.046016
0.064140
0.020020
0.033700
0.029704
0.034183
0.042756
0.016786
0.000519
-0.009507
-0.021850
-0.010967
-0.029432
-0.016766
0.003604
-0.020991
-0.004564
0.001427
-0.000571
-0.011817
-0.017916
-0.036083
-0.043298
-0.016782
-0.028379
-0.014664
-0.008151
-0.027943
-0.020793
-0.018732
-0.008576
0.009319
0.008579
-0.011367
-0.016406
0.001523
-0.009021
-0.015872
-0.018925
-0.030462
-0.021001
-0.005416
-0.006435
-0.022420
-0.039389
-0.013620
0.014629
-0.018093
0.002757
-0.005473
0.006807
-0.003361
0.000052
-0.006183
-0.008650
-0.002737
0.009311
-0.001081
-0.003566
-0.001418
0.004757
-0.005135
-0.005556
-0.011988
-0.015807
0.002047
0.008423
0.007576
0.019933
0.020392
0.022079
0.004145
0.008930
0.000485
-0.002506
-0.009692
0.010261
-0.002058
0.010156
0.022226
0.025249
0.003871
0.003530
0.032468
0.025017
0.011002
0.014495
0.019819
-0.008085
0.001822
0.012433
-0.001839
-0.010917
-0.005007
-0.009041
0.020999
0.022278
0.027216
0.031920
0.033350
0.023773
0.030479
0.022829
0.003257
0.025850
0.019473
0.008892
0.015967
0.011682
