0.035558
0.074896
0.076934
0.086092
0.181584
0.259072
0.343001
0.369576
0.403642
0.418040
0.403649
0.503165
0.489440
0.487585
0.459220
0.466103
0.360047
0.293556
0.265492
0.212839
0.178489
0.135246
0.044872
-0.005603
-0.026666
-0.037944
-0.015058
-0.059039
-0.052141
-0.006791
-0.017125
-0.054254
-0.108999
-0.072360
-0.069506
-0.068618
-0.056929
-0.061198
-0.125587
-0.078702
-0.045927
0.021029
-0.023788
-0.032696
-0.017214
0.055996
-0.015839
-0.008049
0.021869
0.098378
0.019661
0.032768
0.024330
-0.012044
0.065638
0.093736
0.070917
-0.043537
-0.054280
0.030813
0.031996
0.011030
0.010066
-0.025581
0.027125
0.032021
0.067948
0.046360
-0.014266
0.072778
0.048033
0.022394
0.001946
0.010366
0.009547
0.017937
0.000112
-0.057549
0.087238
0.016969
0.036136
0.025036
0.028869
0.012309
0.040468
0.079702
-0.032055
-0.017676
0.019300
-0.024323
-0.043217
-0.035012
0.021239
0.035241
0.048193
0.050908
0.018845
0.018741
0.046253
0.038096
0.030134
-0.025952
-0.005166
-0.006891
0.004131
0.021240
-0.009902
0.001487
0.019442
0.034681
-0.040999
-0.021486
0.005984
-0.011120
0.021458
0.010430
-0.002936
0.000154
0.082824
0.027934
0.041943
0.000888
0.045543
0.073100
0.023666
0.042025
0.041994
-0.032283
-0.032785
0.003174
-0.004747
0.018008
0.024280
-0.030316
-0.065142
-0.010323
-0.004990
0.074120
0.022544
-0.045949
0.029012
0.037863
0.028584
0.022450
0.002870
-0.045017
0.002965
-0.051259
0.028456
0.035773
0.028460
0.010191
-0.000253
0.027524
-0.004370
-0.009787
-0.008589
