0.279219
0.482685
0.581828
0.676374
0.756740
0.833726
0.894722
0.977596
1.027707
1.062255
1.070021
1.053398
1.040089
0.995851
0.937291
0.846847
0.768661
0.678622
0.573278
0.475825
0.407352
0.320760
0.257371
0.216787
0.160890
0.112943
0.075886
0.051140
0.033233
0.018994
0.019349
0.008928
-0.010187
0.001687
0.006981
-0.001158
0.006145
-0.006098
-0.007671
0.003398
-0.013631
-0.013112
0.003132
-0.007113
-0.012102
-0.010090
-0.011731
-0.018355
-0.012648
-0.013422
-0.009751
-0.000524
-0.009235
0.001018
-0.013890
-0.011524
-0.011000
-0.002535
0.003032
-0.005891
-0.010063
-0.005796
-0.007323
-0.016897
-0.003239
0.009489
0.016399
-0.004567
0.000024
0.009721
-0.006242
0.019093
0.024193
0.016414
0.011106
0.025277
0.008996
0.004812
0.023902
0.022884
0.015192
0.023135
-0.001551
-0.002447
0.017726
0.011130
0.022316
0.014027
0.011476
0.007809
0.006892
0.015970
0.015007
0.005842
0.007932
0.008598
0.008738
0.005370
0.003378
0.017610
0.002476
0.015531
-0.003015
0.008678
0.003796
0.009508
0.022227
0.009269
0.014416
0.010363
0.014284
0.010715
0.002340
-0.000840
0.000014
0.001464
0.006837
0.024593
0.016227
0.006991
0.008085
0.009250
0.005563
0.011018
0.016107
0.012746
0.004557
0.003901
0.012674
0.014137
0.009848
0.017142
0.012589
0.023126
-0.000609
0.005260
0.010864
0.005792
0.014724
0.012454
0.005148
0.001434
0.007733
0.014702
0.014726
0.012039
0.003188
0.003723
0.017029
0.013675
0.001876
0.014254
0.015726
-0.008987
0.001390
0.002960
0.014650
