-0.185423
-0.235241
-0.222430
-0.238264
-0.213033
-0.181484
0.145929
0.315708
0.361104
0.309356
0.330780
0.311159
0.271666
0.240645
0.217380
0.212983
0.210001
0.218567
0.195972
0.163166
0.152707
0.153283
0.147838
0.135142
0.099759
0.105858
0.104029
0.110890
0.064313
0.011819
0.055291
0.033640
0.041528
0.034882
0.046031
0.020008
0.006211
0.005195
0.006388
-0.003903
-0.000646
-0.012868
0.017969
0.010511
-0.010286
0.020231
-0.022403
0.002241
-0.009840
-0.046746
-0.009881
0.010101
0.004766
0.002907
-0.055682
-0.042888
-0.039354
-0.028185
-0.017671
-0.023648
-0.032097
-0.030708
-0.047033
-0.027341
-0.015991
-0.025412
-0.021493
0.003722
-0.040044
-0.025255
-0.004907
0.002992
-0.014164
0.009587
0.001147
-0.021747
-0.013311
-0.035674
-0.001428
0.014367
0.002996
-0.026102
-0.010191
0.038957
0.031380
-0.006276
-0.017073
-0.000025
-0.022343
0.007921
0.021364
0.024461
0.022905
0.022161
-0.004404
-0.000373
0.026772
-0.020078
0.005323
-0.003278
0.013048
-0.005359
0.019532
0.027039
0.001286
-0.010206
0.025112
0.006724
0.005251
0.009679
0.011689
-0.011604
0.020667
0.012120
-0.039260
0.008507
0.009622
0.034193
0.037179
-0.007046
0.009153
-0.024486
0.004926
-0.009239
-0.001057
-0.012888
-0.007889
0.025209
0.027636
0.027672
0.007874
0.016254
-0.023737
0.003479
0.030135
0.018457
0.028713
0.037773
0.002479
-0.032778
0.003020
0.020973
0.020217
0.043039
0.056829
0.028375
0.001802
-0.020005
0.001668
0.019032
0.024098
0.006035
0.007257
0.000959
0.006159
0.009235
