0.002699
0.004266
0.004407
0.004170
0.003934
0.003696
0.003458
0.003219
0.002978
0.002735
0.002490
0.002241
0.001989
0.001733
0.001471
0.001204
0.000930
0.000649
0.000361
0.000063
-0.000244
-0.000561
-0.000889
-0.001229
-0.001582
-0.001948
-0.002327
-0.002722
-0.003132
-0.003557
-0.003999
-0.004458
-0.004934
-0.005428
-0.005940
-0.006470
-0.007018
-0.007583
-0.008167
-0.008769
-0.009387
-0.010022
-0.010673
-0.011339
-0.012019
-0.012712
-0.013416
-0.014129
-0.014850
-0.015577
-0.016307
-0.017037
-0.017764
-0.018487
-0.019200
-0.019900
-0.020583
-0.021245
-0.021880
-0.022484
-0.023052
-0.023576
-0.024052
-0.024472
-0.024829
-0.025116
-0.025324
-0.025447
-0.025474
-0.025397
-0.025207
-0.024892
-0.024443
-0.023850
-0.023100
-0.022183
-0.021085
-0.019795
-0.018300
-0.016587
-0.014643
-0.012454
-0.010006
-0.007285
-0.004276
-0.000967
0.002660
0.006616
0.010917
0.015579
0.020612
0.026034
0.031856
0.038091
0.044754
0.051853
0.059404
0.067413
0.075891
0.084848
0.094287
0.104218
0.114642
0.125561
0.136979
0.148889
0.161292
0.174178
0.187540
0.201366
0.215639
0.230345
0.245458
0.260955
0.275397
0.139440
0.148435
-0.325205
0.204958
0.073335
-0.069444
0.530915
0.269043
0.459935
0.535786
0.165221
-0.182131
-0.084488
0.337116
0.758849
0.661302
0.091144
0.248236
0.072608
0.244958
0.601072
0.239011
0.409480
0.454768
0.639082
0.777374
0.545372
0.102254
0.627538
0.656885
0.911459
0.191316
0.643070
0.925549
0.618556
0.855306
0.831599
0.698262
0.577236
0.642576
0.643479
-0.021355
