-0.090087
-0.112313
-0.001802
0.282436
0.250157
0.248048
0.282646
0.221776
0.201521
0.185900
0.181991
0.196475
0.168579
0.166145
0.167423
0.112894
0.117632
0.128245
0.114258
0.083362
0.081623
0.071137
0.086291
0.053226
0.056858
0.077341
0.060145
0.027704
0.024127
0.028687
0.033271
0.054182
0.024174
0.013540
-0.003282
0.007800
-0.024767
0.016342
0.003378
0.012614
0.004851
-0.010200
-0.017465
0.002118
0.013177
0.001675
0.002033
-0.033826
-0.023452
0.010179
0.002686
-0.004590
-0.016378
-0.023875
-0.048066
-0.024626
-0.022255
0.004593
0.005424
-0.025151
-0.037932
-0.003170
-0.009409
-0.039633
-0.020473
0.007778
-0.016363
-0.017079
0.010461
0.027164
0.003924
-0.006631
0.008386
-0.020090
0.011148
-0.003920
-0.011177
-0.006736
-0.021916
-0.009598
-0.017154
-0.014292
-0.022248
0.001405
0.007334
0.003356
-0.050814
-0.039577
-0.025507
0.000281
-0.022069
-0.026048
-0.043717
-0.013183
-0.029531
-0.042239
-0.024059
-0.026624
-0.030836
-0.042929
-0.024956
-0.030089
-0.048671
-0.058475
-0.064389
-0.073129
-0.091704
-0.060974
-0.070891
-0.051212
-0.064174
-0.049100
-0.049450
-0.093184
-0.045198
-0.045555
-0.020543
-0.001564
-0.003770
0.037207
0.075328
0.114534
0.165293
0.233883
0.252568
0.271984
0.339099
0.380053
0.438167
0.459102
0.484379
0.503175
0.511231
0.509180
0.450883
0.426783
0.394693
0.355109
0.319700
0.284734
0.243189
0.198567
0.140434
0.086377
0.044382
0.035678
-0.002636
-0.021558
-0.065470
-0.075481
-0.086028
-0.094045
-0.111263
-0.085585
-0.082825
-0.055838
