0.401368
0.624120
0.598433
0.536267
0.453859
0.428343
0.358330
0.288104
0.235745
0.195808
0.134631
0.120838
0.094056
0.051555
0.056968
0.035879
0.022436
0.014913
-0.009410
-0.004087
-0.006514
-0.003689
-0.005453
-0.004102
0.000825
0.005324
-0.022451
-0.005401
0.016801
0.002377
-0.003067
-0.002021
-0.011427
0.009634
0.004551
-0.016861
-0.008070
-0.019070
-0.003092
-0.004720
0.006566
0.004090
0.000666
-0.004847
-0.005554
-0.016275
-0.005357
-0.013134
-0.008223
-0.013137
-0.025262
-0.011022
-0.003500
-0.013566
-0.018893
-0.021819
-0.004032
-0.001272
0.004800
-0.030117
0.007316
0.003505
-0.011430
-0.013050
-0.005703
-0.008029
-0.011416
0.004606
-0.005907
-0.004918
0.011266
0.010862
0.018494
0.019704
0.013329
-0.002148
0.019093
0.016812
0.018465
0.016979
0.024744
0.028859
0.026888
-0.006849
0.009292
0.017356
0.029662
0.026528
0.001735
-0.005139
0.014488
0.022741
0.019252
0.009968
0.018989
0.024454
0.011254
0.027199
0.024312
0.022376
0.002941
0.024478
0.005318
0.025785
0.027229
0.015267
0.042510
0.017204
0.017319
0.015194
0.005707
0.018147
0.032187
0.000576
-0.001152
-0.024106
-0.004703
0.021997
0.014514
0.027312
0.009070
-0.020386
0.006536
0.023392
0.008238
0.008159
-0.005285
-0.008171
0.006130
-0.001097
0.037728
0.017112
0.014314
0.009847
0.006198
0.017490
0.035051
0.011075
0.028397
0.017421
-0.003137
0.000685
0.008697
0.003508
0.008603
-0.014975
-0.013018
-0.010550
0.010527
0.036444
0.027796
0.019933
0.027502
0.013774
0.013926
0.022032
0.018229
