-0.082232
-0.095714
-0.093493
-0.099475
-0.100540
-0.096531
0.011846
0.075746
0.067350
0.067969
0.059659
0.063135
0.064073
0.064765
0.056014
0.053808
0.054158
0.056391
0.044005
0.053228
0.056683
0.060053
0.050264
0.041432
0.039301
0.039614
0.044158
0.037739
0.043259
0.028674
0.020566
0.035089
0.030294
0.018636
0.025927
0.030203
0.035800
0.030006
0.020113
0.013106
0.009330
0.016057
0.017072
0.014660
0.014900
0.021593
0.017945
0.010690
0.002237
0.007637
0.011164
0.009349
0.009096
-0.003385
-0.000770
0.005962
-0.000122
0.008199
0.002567
0.004562
0.005811
0.009869
0.002883
0.001040
-0.003240
-0.000808
0.000339
0.004446
0.003292
0.003514
0.000501
0.000381
0.006406
-0.000067
0.011451
0.005261
0.004329
0.000799
0.006518
0.006286
0.007251
0.006345
0.009995
-0.000184
-0.003564
-0.000069
-0.000543
0.000764
0.007446
0.006140
-0.001884
0.000205
-0.001438
-0.003821
0.007147
0.004504
0.008247
0.005737
-0.003647
0.001007
0.006504
0.004970
0.007808
-0.000776
-0.000639
-0.002749
0.004506
0.003547
0.003713
0.003082
0.000612
0.009599
0.006029
0.003975
0.002609
0.001297
-0.002444
0.009986
0.005778
0.013402
0.006843
0.011675
0.010509
0.002162
-0.007298
-0.001415
0.002009
0.007082
0.007079
0.018045
0.010534
0.015483
0.004663
0.009111
0.009259
0.004261
0.000689
0.016357
0.008579
0.001858
-0.002027
0.005695
-0.009249
0.006013
0.003664
0.015129
0.011623
0.010331
0.014270
0.013531
0.015792
0.027105
0.024770
0.019915
0.016363
0.003158
