0.094019
0.108089
0.093034
0.055460
0.077762
-0.092488
-0.046522
-0.038926
-0.149070
-0.132972
-0.145297
-0.182748
-0.208824
-0.243729
-0.277972
-0.310434
-0.350206
0.115968
0.789133
1.081503
1.138698
1.017660
1.028723
0.991901
1.021211
1.000354
0.901229
0.847363
0.760120
0.727366
0.821394
0.755664
0.734052
0.669035
0.651087
0.626606
0.541230
0.582268
0.512912
0.466980
0.425837
0.415973
0.442234
0.439874
0.298513
0.380379
0.297417
0.306980
0.260015
0.239145
0.261796
0.278872
0.212828
0.223400
0.162985
0.085238
0.166841
0.137931
0.168637
0.030069
