-0.065938
-0.061884
0.004980
-0.048243
0.010565
-0.012337
-0.006262
0.006498
0.051824
0.023812
-0.029272
0.015542
0.107444
0.171853
0.148138
0.164632
0.249062
0.324070
0.433914
0.423288
0.484287
0.462693
0.508513
0.380688
0.308810
0.323903
0.234172
0.227392
0.141057
0.104480
0.022386
0.010763
0.043584
-0.020150
-0.025835
-0.044072
-0.007397
-0.081990
-0.096015
-0.063698
-0.039317
-0.053452
-0.025536
-0.017673
-0.094128
-0.045822
-0.087959
-0.031620
-0.037426
-0.041892
-0.038111
-0.035661
-0.046168
0.006002
-0.034006
-0.001693
0.023418
0.059745
0.004843
0.046870
0.063000
0.033108
0.013153
0.026588
0.037216
0.029312
0.039825
0.046121
0.018323
-0.003731
-0.012799
0.004127
0.029487
0.005659
-0.007731
0.007215
0.025792
0.023577
0.030982
-0.000399
-0.008236
-0.035723
-0.003753
0.025244
-0.015552
0.028683
0.021877
0.035961
-0.001001
0.014778
0.066921
0.016458
0.034858
0.023727
0.003750
0.027930
0.005262
-0.020381
-0.032581
0.067219
0.033674
-0.047965
0.024391
0.023283
0.007484
0.032044
0.010465
-0.009791
-0.038457
0.012763
0.004066
0.029770
0.025476
0.054616
-0.002812
0.038133
-0.041335
0.015940
-0.058418
-0.011259
0.024650
0.006197
0.037154
0.045932
0.101200
0.041658
-0.004896
0.004762
-0.021197
-0.022315
-0.000103
0.041272
0.020890
0.014403
-0.046208
0.053059
0.013449
0.053297
0.009049
0.000696
-0.012285
-0.043178
0.011314
0.010790
0.041967
0.034000
0.025820
-0.013904
-0.015505
-0.003304
0.023269
0.008375
0.018597
0.019518
-0.002493
-0.028906
0.007772
