0.113639
0.194471
0.216452
0.254362
0.240256
0.233925
0.236682
0.247064
0.245903
0.249407
0.255667
0.245755
0.223788
0.127970
0.039422
0.002772
0.021727
0.017867
-0.004128
0.012518
0.001489
0.011100
0.016304
0.009636
0.024347
-0.004177
-0.003112
-0.003056
0.015462
-0.004988
0.021509
0.018461
0.026379
0.022212
0.000724
-0.000550
0.008527
-0.005434
0.003285
0.012790
0.006632
0.007550
0.023036
-0.001613
0.008901
0.012129
0.022859
0.007017
0.008742
0.006869
0.016429
-0.000250
0.019562
0.008896
-0.016552
0.004151
0.009939
-0.005842
0.007545
-0.002786
-0.007639
0.000047
0.016759
-0.027817
0.004871
-0.004287
-0.009549
-0.001089
0.004006
0.006720
0.006784
0.002204
0.007332
0.000820
0.006659
0.000020
0.003568
0.003843
0.016181
0.020152
-0.011136
-0.016130
0.021225
0.023420
0.014071
0.016763
0.017204
-0.007450
0.001435
0.005127
0.017391
0.004265
0.006480
0.004211
0.007125
0.009032
0.014793
0.023629
0.018416
0.012633
0.031689
0.014258
0.011762
-0.004552
-0.005921
0.018618
0.010881
0.007779
0.007306
-0.002463
0.005344
0.006887
0.010199
0.027581
0.011405
0.008420
0.003973
-0.000103
0.007711
0.008407
0.004279
0.002994
0.003995
0.008059
-0.001835
0.002178
0.015763
0.018507
0.020125
0.010793
0.016464
0.010425
0.015085
0.007097
-0.002539
0.022278
0.008454
0.005913
0.020338
0.023258
-0.006432
0.008143
0.014915
0.025773
0.020561
0.013885
0.027823
-0.003008
-0.000766
0.016130
0.019159
0.015328
0.025841
0.005767
-0.004207
-0.000984
0.000908
