0.026782
0.037149
0.008815
0.020225
-0.019324
-0.016608
-0.024259
-0.017183
-0.022027
-0.039596
-0.062121
-0.038052
0.033673
0.018695
-0.016628
0.011070
-0.000232
-0.012935
-0.026379
-0.004754
0.006803
-0.003575
0.004034
-0.028816
-0.036042
0.007253
0.015237
0.018592
-0.007536
-0.005077
-0.008548
0.009741
-0.006646
-0.009657
0.014690
0.014502
-0.020470
-0.022567
0.004752
0.014826
0.047643
0.049247
0.019976
0.015375
0.033546
0.023370
0.022222
0.028497
0.006141
-0.011774
0.010766
-0.024335
0.042978
0.073262
0.059642
-0.001111
0.014387
0.043885
0.026417
0.069488
0.074858
0.042340
0.073716
0.084063
-0.001936
-0.014683
0.016965
-0.000053
0.028901
0.052609
0.054366
0.061410
0.038091
0.057580
0.039136
0.021768
-0.006301
0.023646
0.058835
0.018654
0.053553
0.076934
0.018905
0.114668
0.087825
0.014489
0.013076
-0.010297
0.017073
0.039758
0.024496
0.015292
-0.023177
-0.046819
-0.013179
-0.029075
0.005966
-0.033282
-0.056089
-0.047935
-0.049500
-0.086460
-0.113024
-0.103326
-0.139806
-0.133021
-0.165370
-0.173637
-0.153529
-0.167850
-0.158444
-0.201395
-0.165617
-0.013091
0.584403
0.697017
0.687593
0.630580
0.601059
0.571109
0.639486
0.661590
0.583247
0.569446
0.530784
0.523236
0.458564
0.462758
0.460365
0.436238
0.424590
0.418418
0.409129
0.409575
0.390461
0.331089
0.336610
0.262899
0.279740
0.301028
0.203681
0.260312
0.219689
0.197701
0.150894
0.122843
0.147778
0.104456
0.080380
0.063758
0.097099
0.027694
0.047349
0.044371
-0.038786
-0.040078
