0.007081
0.009877
0.021419
0.014817
0.017582
0.013436
0.007722
0.020941
0.003385
-0.006763
0.004143
0.002530
0.007485
0.010312
0.017618
0.016073
0.015128
0.008734
0.015225
0.004603
0.010841
-0.004657
0.002814
0.003082
0.017280
0.008264
0.011349
0.015484
0.021179
0.013872
0.008483
0.008523
-0.005076
-0.000219
-0.002413
0.011528
0.008889
0.010899
0.014835
0.016084
0.017858
0.006998
0.013003
0.017738
0.006154
-0.000120
0.006225
0.016903
0.011449
0.005010
0.016340
0.023404
0.011288
0.018661
0.009411
0.016557
0.017928
0.013280
0.006853
0.014624
0.011440
0.007381
0.011214
0.009540
0.014791
0.026588
0.016298
0.020627
0.025226
0.017562
0.010583
0.016903
0.019823
0.017101
0.023119
0.025305
0.001732
0.001902
0.008351
0.021350
0.007115
0.016811
0.004671
-0.002305
-0.001639
0.014502
0.010621
0.008901
0.007789
0.005886
-0.000091
0.002441
0.014060
0.012485
0.013940
0.009872
0.014172
0.004877
0.009762
0.004887
0.008419
-0.004147
0.010796
0.004811
0.003124
0.013369
-0.004373
-0.013764
-0.011920
-0.002023
-0.016347
-0.021873
-0.013182
-0.016485
-0.024551
-0.021963
-0.025781
-0.028159
-0.026258
-0.023754
-0.027540
-0.030288
-0.050328
-0.043377
-0.034132
-0.039142
-0.030629
-0.029842
-0.029402
-0.006521
0.010655
0.037524
0.074192
0.105454
0.147429
0.188321
0.245864
0.315524
0.381725
0.438114
0.498196
0.547251
0.579883
0.606561
0.593331
0.575290
0.537833
0.471743
0.409376
0.332378
0.267864
0.201370
0.144481
0.090960
0.043540
-0.002132
