-0.079053
-0.143676
-0.041301
0.012572
0.105284
0.107610
0.181945
0.294678
0.272841
0.331908
0.434448
0.521619
0.569494
0.512618
0.665849
0.648068
0.703560
0.714404
0.650318
0.638665
0.663100
0.581004
0.413669
0.305846
0.274408
0.267811
0.153882
0.113664
0.102373
-0.054765
-0.055477
-0.018353
-0.011686
-0.084275
-0.114354
-0.089706
-0.170759
-0.050140
-0.057698
0.004189
-0.057924
0.006911
-0.026063
-0.018710
-0.029838
-0.018181
-0.028206
-0.098250
-0.013570
0.018563
-0.012033
0.041039
-0.001331
0.016829
0.005206
-0.047502
-0.020810
-0.048029
0.017861
-0.019085
0.014560
0.088682
-0.001351
0.024715
0.012867
-0.008074
0.050012
0.052764
0.031113
0.081523
-0.022464
-0.015928
-0.008989
0.020611
0.050225
0.011218
0.066631
0.079639
-0.025073
-0.042520
-0.001369
0.077615
0.017810
-0.028629
0.014119
-0.034813
-0.013393
0.066100
-0.031350
0.042762
0.019871
0.034674
-0.035054
0.019839
0.062003
0.035940
0.044608
-0.002113
0.028715
-0.036944
-0.060686
-0.048228
-0.012100
-0.020585
0.095339
0.096643
-0.000930
0.019455
0.001380
0.032507
-0.009897
-0.032490
-0.005942
0.121323
0.073617
0.008969
-0.011402
0.003745
0.066593
0.092564
0.032529
0.076472
-0.056197
0.014347
-0.001761
-0.020078
0.055686
0.038804
0.067567
0.106992
0.013613
-0.057830
-0.026460
-0.017580
-0.048471
0.030630
0.018861
0.072595
0.040972
0.019524
0.019049
0.034529
0.007618
-0.018864
-0.005511
0.125872
0.038683
-0.014412
0.007917
-0.038113
0.006083
-0.021207
-0.006479
-0.067676
0.012951
-0.015564
-0.014107
