0.003787
0.023633
0.008033
0.039029
-0.009978
-0.004500
0.003521
0.008071
-0.018129
-0.043795
-0.008658
0.050139
0.035588
0.056195
0.056335
-0.046662
0.010032
0.013370
-0.020760
-0.056283
0.045872
0.015845
0.003265
0.020410
0.066418
0.021396
0.025266
0.006986
-0.008272
0.069812
0.040716
0.038660
0.009717
0.046446
0.040632
0.049413
0.868729
1.400892
1.445013
1.476605
1.423749
1.425429
1.400713
1.416743
1.458696
1.447429
1.431488
1.379948
1.398349
1.419519
1.397159
1.416677
1.404828
1.412811
1.128515
