0.066999
0.107824
0.113443
0.113633
0.111841
0.115824
0.120543
0.123648
0.117394
0.110672
0.101825
0.083780
0.076260
0.065756
0.049749
0.012756
0.005548
0.003761
0.001098
0.008248
0.002643
0.004897
0.008694
0.003992
0.003144
0.003818
0.006925
0.005598
0.005147
0.001855
0.010523
0.008596
0.007877
0.012045
0.007514
0.006772
0.011041
0.007461
0.008397
0.010410
0.009727
0.006840
0.004928
0.007921
0.012619
0.010237
0.005491
0.012230
0.008158
0.011593
0.015346
0.011151
0.005992
0.010419
0.004181
0.004115
0.013498
0.014620
0.010173
0.004605
0.010102
0.007702
0.009819
0.004907
0.013749
0.008724
0.009149
0.005503
0.010268
0.008919
0.012451
0.012184
0.012326
0.007106
0.000828
0.001590
0.002892
0.005163
0.012094
0.014676
0.005816
0.005081
0.004734
0.008735
0.011947
0.008802
0.007394
0.009147
0.011821
0.009825
0.010261
0.014573
0.012918
0.013446
0.012954
0.008828
0.004328
0.010530
0.014015
0.009790
0.008633
0.005667
0.008026
0.005154
0.008043
0.020159
0.013261
0.008632
0.002896
0.005075
0.004747
0.018284
0.007801
0.008020
0.005849
0.000893
0.014262
0.013549
0.007699
0.012686
0.009801
0.009066
0.006449
0.013889
0.011906
0.007353
0.013157
0.008952
0.013205
0.014106
0.016509
0.010230
0.005355
0.012309
0.010862
0.010052
0.011986
0.014382
0.004350
0.005086
0.009942
0.014350
0.013007
0.010371
0.011978
0.010278
0.012317
0.010706
0.005516
0.012853
0.012360
0.020158
0.023319
0.015569
0.014877
0.010632
0.005131
