0.032977
-0.030917
0.061509
-0.023520
0.057575
0.078045
-0.028669
0.064247
0.032074
-0.080611
0.034841
-0.062436
-0.093512
-0.152579
-0.064392
-0.125652
-0.136654
-0.137541
-0.107784
-0.086460
-0.135657
-0.131226
-0.061211
-0.164542
-0.193916
-0.138168
-0.244777
-0.241277
-0.397449
-0.326420
-0.316248
-0.428121
-0.383171
-0.557381
-0.557560
-0.457519
-0.574869
-0.535079
0.662802
0.684478
0.644524
0.637888
0.565923
0.585536
0.520227
0.443650
0.475042
0.441250
0.503212
0.461644
0.422196
0.371507
0.355404
0.322378
0.309207
0.301908
0.197893
0.223424
0.187915
0.218775
0.229129
0.190379
0.195724
0.203513
0.091990
0.088700
0.041769
0.017504
-0.024357
-0.041256
-0.002032
0.010261
-0.053377
-0.089740
-0.080662
-0.038734
-0.151648
-0.091267
-0.135328
