-0.006880
0.002096
0.011723
0.012793
0.001262
0.008393
0.004475
-0.006213
0.011330
0.035996
0.020040
0.004163
-0.000543
-0.006432
0.023919
-0.002234
-0.032347
0.033976
-0.016799
-0.015063
0.010124
-0.003531
0.018778
0.022381
0.003177
0.012891
0.008387
0.052223
0.019132
-0.001068
-0.004204
0.017557
0.010216
0.032292
0.048050
0.002951
0.019170
0.032303
0.027567
0.026712
-0.021183
-0.010148
0.015697
0.005174
-0.000815
-0.003148
-0.006965
-0.010252
-0.001830
-0.004099
0.031687
0.041534
-0.001216
0.017036
0.012431
0.009793
-0.000212
0.024460
0.011202
0.000940
-0.021103
0.006293
0.010071
0.002711
0.025843
0.002017
0.000730
0.040965
0.062407
0.036067
0.014108
0.004118
0.023188
0.017011
0.021270
0.037090
0.001125
-0.000774
-0.007144
0.000447
0.003037
0.007157
-0.000146
0.035402
0.009524
-0.000312
0.029986
-0.000532
0.050330
0.066460
-0.002319
-0.000405
0.016660
0.017888
0.049416
0.017113
-0.009635
0.013384
0.006349
-0.006071
-0.018457
-0.032735
-0.018995
0.027153
0.025661
0.013289
-0.022527
-0.021585
-0.032397
0.012431
0.018969
-0.002673
-0.035068
-0.030732
0.004557
-0.018974
-0.031886
0.010417
0.011962
-0.020514
-0.003954
0.014819
-0.021440
-0.032381
-0.022208
-0.033286
-0.026962
-0.012982
0.013914
0.009787
0.012977
0.014492
-0.007190
0.015904
0.055973
0.078318
0.108343
0.129538
0.177563
0.211453
0.258807
0.260745
0.307183
0.344760
0.363624
0.347164
0.397373
0.419384
0.423952
0.440259
0.435906
0.427597
0.391584
0.351388
0.282696
0.178255
