0.046353
-0.015935
0.048345
0.043488
0.031567
-0.009925
-0.001156
0.011294
0.019966
0.016402
0.058444
0.018732
-0.020832
0.004127
-0.041484
0.012737
0.046655
-0.011134
-0.023237
-0.048152
0.066218
0.075063
0.133502
0.080441
0.115856
0.841826
0.993521
1.023066
1.072831
1.057203
1.030893
1.034325
1.069014
1.048250
1.011885
1.051298
1.042279
1.048124
1.080839
1.085200
1.070118
1.022616
1.000850
1.029124
0.979591
1.036475
1.022733
1.016360
1.059038
1.010095
0.992148
0.996995
0.942655
0.976045
0.976097
0.901868
0.882154
0.832214
0.513244
