0.103903
0.042405
0.129987
0.332975
0.098754
-0.016997
0.415457
0.550887
0.165523
-0.069217
-0.165598
-0.097205
-0.006006
0.248889
-0.213660
-0.024116
0.211048
0.057028
0.052128
0.070527
-0.022231
0.297071
0.167384
0.166555
-0.006766
0.061199
-0.141105
0.124886
0.108719
0.249027
0.007363
0.261482
0.183225
-0.133447
0.292540
0.199634
0.333606
-0.129013
0.097162
0.614468
0.351008
0.217458
0.127934
0.128934
-0.096280
0.101975
0.042059
0.167750
0.144498
-0.250804
0.100694
-0.050457
-0.212465
-0.124663
-0.241131
-0.027450
0.293630
0.233461
0.205374
0.294920
0.160450
0.146234
-0.126787
0.345288
0.271947
0.251701
0.355309
0.267203
0.076080
0.253768
0.217529
0.105919
-0.045111
