0.697724
1.091451
1.160798
1.118019
1.141611
1.187822
1.176299
1.156480
1.173074
1.175777
1.152315
1.141694
1.171285
1.161827
1.196016
1.262487
1.245375
1.155026
1.210978
1.231077
1.198118
1.205154
1.165773
1.156936
1.152065
1.182586
1.188480
1.236105
1.258250
1.260168
1.170941
1.175630
1.220006
1.187656
1.236298
1.234409
1.224271
1.001780
-0.094725
-0.040747
0.017098
-0.008374
0.033183
0.069736
0.071733
0.054021
0.015474
0.011367
0.025188
0.034165
0.025692
0.063801
-0.011336
0.050239
0.024288
0.012936
0.017438
0.041944
-0.002174
0.023808
0.087229
0.026131
-0.045595
-0.070333
-0.048022
0.044549
0.048590
-0.036358
0.038415
-0.030912
0.011615
0.000728
-0.017149
0.020859
0.007255
-0.027325
0.031491
0.049765
0.078879
0.052595
0.048609
0.033491
0.032808
0.015008
0.028461
0.071828
0.045556
-0.031376
0.023743
0.001068
0.027495
-0.023979
0.042643
0.020529
0.035486
0.001052
0.001476
0.012349
-0.024921
-0.011071
0.001500
0.023630
0.036630
0.027074
0.051423
0.089863
0.025144
0.043523
-0.013339
0.037398
-0.024533
0.031021
0.016888
0.085692
-0.002128
-0.018530
-0.002284
-0.053411
-0.001512
0.036178
0.018015
-0.016786
-0.037936
-0.017127
-0.032918
-0.001622
0.023722
-0.034135
-0.012151
-0.009725
-0.006222
-0.047989
-0.072431
-0.099186
-0.119228
-0.032538
-0.155383
-0.152789
-0.151359
-0.119723
-0.172189
-0.167555
-0.158176
-0.005250
1.169712
1.318800
1.310014
1.244160
1.244980
1.207419
1.154204
1.189383
1.130838
1.102577
1.026197
0.958778
0.556978
