0.014957
0.000221
0.088838
0.024774
-0.008762
0.010152
0.018740
0.010017
0.015589
0.027519
0.011940
-0.059947
0.010199
0.035883
0.029371
0.001354
-0.040742
0.013111
-0.026622
0.010005
0.061811
0.079038
0.035277
-0.033177
-0.002790
0.020486
0.016972
0.020802
0.067862
-0.023959
-0.003722
0.034164
-0.014202
0.020092
0.016687
0.006055
0.037413
0.003623
-0.021551
-0.007848
-0.011521
-0.005195
0.003681
0.041665
0.009368
0.025396
-0.025598
0.010920
-0.014957
0.006238
0.010325
-0.000596
-0.021682
0.005126
0.050995
0.069351
0.037454
0.027282
0.022122
-0.015044
0.044913
0.028392
0.016153
0.015489
0.008539
-0.015630
0.001097
0.002795
0.037165
0.008471
0.016008
0.014258
0.058894
0.037686
0.004232
-0.032967
-0.004556
-0.010739
0.017713
0.018024
-0.014069
-0.005465
-0.045857
0.046960
0.043157
0.048443
-0.025665
0.003609
0.016858
-0.006040
0.006503
0.025592
0.024847
0.036123
0.013883
-0.000746
-0.036149
0.012525
-0.012482
0.021632
-0.010547
0.052798
0.072722
0.075712
0.031805
0.002146
-0.002474
0.031814
-0.024456
-0.023303
0.014473
0.039110
0.061078
0.041654
0.037669
0.055359
0.170974
0.459504
0.493450
0.499525
0.528577
0.496393
0.512549
0.551592
0.538208
0.538774
0.544172
0.566510
0.626910
0.571011
0.553668
0.543268
0.529628
0.536762
0.585653
0.595048
0.618778
0.586209
0.550627
0.552055
0.527152
0.534169
0.499069
0.493776
0.560865
0.558109
0.503049
0.535164
0.544261
0.556132
0.538440
0.533281
0.522101
0.545704
0.561309
0.345738
