0.176504
0.326853
0.327516
0.371572
0.419131
0.447042
0.455437
0.481891
0.459919
0.452840
0.463798
0.439923
0.424567
0.375504
0.346013
0.308698
0.277384
0.222987
0.192759
0.120931
0.113254
0.064176
0.078684
0.023001
0.014633
0.014120
0.007710
0.027134
-0.012227
-0.007156
-0.027329
-0.020435
-0.021978
-0.045554
-0.049820
-0.022176
-0.023286
-0.005495
-0.046313
-0.028247
0.018577
-0.015535
-0.020733
-0.014108
-0.037605
0.006692
0.002651
-0.001007
-0.019590
-0.008443
0.003275
-0.003283
-0.019620
0.008865
0.017726
-0.005230
0.000429
0.015476
-0.021280
-0.011975
-0.001667
-0.008567
0.010161
0.019305
0.027192
-0.005217
-0.024697
0.006366
0.033071
0.023451
-0.008656
-0.015879
-0.008520
0.000659
0.033355
-0.015256
-0.001586
0.014561
0.026746
0.025451
0.022138
0.009204
0.013597
0.021466
0.003851
0.004874
0.038958
0.039036
0.031365
0.007199
-0.007710
0.004592
-0.001533
0.034375
0.012626
0.007464
0.020234
-0.004125
-0.011455
-0.001137
0.014117
0.021101
0.005699
0.013770
0.005964
-0.014105
0.010705
-0.003780
0.005228
-0.017407
-0.006527
0.002423
-0.003768
-0.001511
0.032873
0.043750
0.003386
0.023986
0.009376
0.005425
0.035602
0.053938
0.006016
0.021547
0.014534
-0.002029
0.015765
0.027069
0.006166
0.009912
0.001471
0.021907
0.014665
0.016661
0.007407
0.006322
0.026309
-0.008618
0.002028
0.029523
0.037015
0.006937
-0.008378
0.018409
0.018935
-0.008288
-0.002497
-0.023704
0.009564
-0.007616
-0.025831
0.021760
0.017012
0.021282
0.019136
0.021008
0.009976
