0.189446
0.312399
0.315041
0.301819
0.260187
0.253418
0.233086
0.205191
0.180147
0.169167
0.150432
0.122467
0.097756
0.067343
0.060652
0.050733
0.044168
0.029928
0.020411
0.019498
0.007068
0.001031
0.001224
0.002646
-0.007945
-0.014428
-0.008618
-0.021652
-0.012630
-0.012224
-0.035732
-0.028848
-0.021595
-0.029116
-0.028659
-0.019838
-0.021000
-0.026166
-0.024497
-0.012524
-0.011752
-0.006845
-0.002401
-0.007190
-0.003271
-0.007285
-0.012957
-0.015134
0.003929
0.002904
-0.001380
-0.006531
-0.007308
0.001222
0.000649
0.000942
0.012817
0.008868
-0.002618
0.009040
-0.005856
0.008612
0.003804
0.000450
0.006177
0.007150
0.015064
0.022661
0.019775
0.013683
0.021444
0.004243
0.010244
0.009775
0.019912
0.007552
0.005487
0.009554
0.002204
0.012695
0.005961
0.005972
0.006946
0.002757
0.013845
0.024219
0.015077
0.022756
0.013689
0.000481
0.011830
0.014031
0.018281
0.020529
0.007793
0.015084
0.011726
-0.001220
0.019050
0.012340
0.007376
0.012864
0.016092
0.013752
0.008818
-0.000296
0.009723
0.013845
0.009261
0.000652
0.007756
0.022270
0.022254
0.010388
0.017682
0.017985
0.010745
0.007288
0.006273
0.016293
0.021429
0.024244
-0.002290
0.002654
0.002026
0.006416
0.006961
0.007635
0.012833
-0.000611
0.017137
0.015894
0.014840
0.014589
0.010741
0.002313
0.007961
0.014495
0.017516
0.009038
-0.001524
0.008540
0.004097
0.008909
0.005547
0.011075
0.014170
0.014769
0.003505
0.011486
0.016881
0.007048
0.005985
0.001557
0.008590
0.008742
0.007738
