0.013751
0.026851
0.071534
0.055507
0.078463
0.021188
0.092922
-0.006917
0.007081
0.104360
0.088490
0.091604
0.009894
-0.005174
-0.007455
-0.030592
0.025200
0.045341
0.055786
-0.003869
0.009956
0.011078
0.005107
0.054752
0.023480
0.009381
-0.014716
0.017226
-0.007239
-0.004544
0.023822
0.036419
0.053298
-0.022723
-0.001427
0.001208
-0.006071
-0.019194
-0.045351
-0.037497
-0.029719
0.061248
0.018405
0.022535
0.018428
0.046197
0.014696
-0.004519
0.005690
-0.034908
-0.043676
-0.046980
0.000605
0.008120
0.052862
-0.010337
0.021917
-0.048982
-0.018420
-0.109507
-0.000318
0.013804
-0.019569
-0.000569
-0.004265
-0.019170
-0.063417
-0.023444
-0.021092
0.021529
-0.022053
-0.006839
-0.014878
-0.006157
0.080077
-0.019902
0.011630
0.015454
-0.051106
0.004580
0.019958
0.031760
-0.011427
-0.019589
0.018653
0.095580
0.023684
-0.024666
-0.035540
0.015220
0.008095
0.030337
0.013980
0.040861
0.034957
-0.022582
-0.040709
-0.014091
0.042929
-0.013640
0.044759
0.044831
0.034103
-0.008078
-0.001686
0.006482
0.028060
0.005683
0.063101
0.025413
-0.027414
0.005811
-0.037506
0.006558
0.052736
-0.001663
-0.027304
-0.049603
0.060688
0.068349
0.129357
0.090094
0.081133
0.774266
0.988693
1.022387
1.062244
1.069121
1.027745
1.036904
1.058850
1.057726
1.010746
1.038913
1.048992
1.049301
1.074327
1.084039
1.080110
1.018004
1.012022
1.025032
0.985606
1.026610
1.027554
1.006222
1.061614
1.014683
0.990780
1.002363
0.941599
0.971232
0.981081
0.908433
0.880572
0.864642
0.513244
