0.173518
0.306072
0.352272
0.326272
0.358490
0.392201
0.350895
0.198847
-0.038152
-0.012093
0.000330
0.001602
-0.024413
0.059002
0.037255
0.014797
-0.015087
0.028934
0.025496
0.054264
0.038486
-0.000516
0.052051
0.028733
0.008665
0.039515
0.086968
-0.012969
-0.020074
0.002634
-0.003681
0.003691
-0.040050
-0.017535
0.034971
0.035413
0.016289
-0.026184
0.006065
0.096019
0.025808
0.008741
0.039721
0.066644
0.005748
0.007634
0.010506
0.032692
0.089766
0.031941
0.007783
0.032127
0.019534
0.012612
0.013676
-0.042993
-0.054993
0.014341
-0.043982
-0.004622
0.013881
0.039483
0.002809
0.011909
-0.046213
-0.006513
0.012844
0.045056
0.019019
0.052154
0.054558
0.012723
0.055027
0.036240
0.066306
0.058838
0.052322
-0.000150
0.016673
0.006260
0.077832
0.035035
-0.002304
-0.001162
-0.001690
0.018453
0.061976
-0.032148
-0.008182
-0.000073
-0.044044
0.051332
0.011432
0.070595
-0.007513
0.017577
-0.007353
-0.059944
-0.021125
0.006465
-0.060910
0.010427
-0.000007
0.043637
0.002271
-0.015130
0.012939
0.006240
-0.018875
-0.009010
0.005799
0.004727
-0.033924
0.030050
0.051456
0.046162
0.033996
-0.009422
0.010676
-0.019636
-0.013202
-0.006507
-0.028084
-0.049537
-0.009862
0.030582
-0.002850
-0.009841
0.047232
0.065367
0.018738
0.006664
0.051029
0.007510
-0.002101
0.058189
-0.005070
-0.010949
0.011571
-0.011205
0.044973
0.066142
0.026103
0.015955
0.042699
0.042918
-0.018491
0.017873
0.008969
0.052897
0.020280
0.012464
0.099070
0.060609
-0.023628
-0.008807
-0.001484
