-0.007689
-0.007719
0.005472
0.040722
0.042529
0.045428
0.047999
0.038959
0.037330
0.042933
0.041825
0.039993
0.039863
0.035377
0.041459
0.037891
0.029087
0.029263
0.029985
0.029003
0.030378
0.029926
0.027567
0.026706
0.025123
0.027647
0.020104
0.023063
0.020608
0.026288
0.021267
0.019281
0.020241
0.014945
0.014388
0.021661
0.023191
0.020993
0.016830
0.018648
0.014639
0.016800
0.011685
0.014540
0.011593
0.011948
0.012144
0.012887
0.008785
0.012217
0.008736
0.013990
0.008623
0.008615
0.005979
0.006103
0.001053
0.009100
0.011150
0.007841
0.009402
0.005775
0.008194
0.005993
0.003326
0.002233
0.010409
0.010754
0.012347
0.010152
0.006591
0.007614
0.002121
0.003473
0.007422
0.006786
0.004117
0.007484
0.005429
0.005939
0.007363
0.007345
0.006226
0.004916
0.002069
0.008839
0.007813
0.005980
0.010242
0.004872
0.007956
0.008995
0.012571
0.013404
0.008217
0.013137
0.006697
0.014321
0.015373
0.008095
0.014259
0.012857
0.010612
0.003266
0.004658
0.011882
0.013319
0.009315
0.006848
0.007987
0.008854
0.011626
0.010626
0.014277
0.012353
0.012083
0.012954
0.006601
0.010927
0.006725
0.011807
0.013475
0.015322
0.007930
0.008076
0.007095
0.009961
0.010308
0.013896
0.010890
0.013748
0.010548
0.012797
0.011086
0.009788
0.008765
0.008045
0.010412
0.018068
0.014637
0.009409
0.009801
0.014953
0.014054
0.013451
0.006920
0.008673
0.011152
0.007409
0.014035
0.016466
0.018129
0.011599
0.013567
0.016936
0.014106
