0.011225
-0.009277
-0.008475
0.014296
0.005790
-0.002876
-0.001229
0.013881
0.012148
-0.005669
-0.021652
-0.012184
0.004465
0.015002
0.029556
0.011212
0.003354
0.008454
0.011431
-0.002758
0.004541
-0.016214
-0.001949
-0.013808
0.021294
0.016269
0.027532
0.036541
0.005103
-0.042245
0.014199
0.023978
0.027486
-0.006043
-0.005853
-0.006855
0.000802
0.027172
0.040283
-0.015230
0.009576
-0.004016
0.014653
-0.008459
-0.017195
0.008626
-0.002414
0.034062
-0.000687
-0.010815
0.017512
0.023208
0.033011
0.001922
0.017073
0.023366
0.008246
0.022926
0.023131
0.030395
0.006556
0.050157
0.020427
0.026432
0.037395
0.038363
0.040204
0.041482
0.036922
0.009514
0.022533
0.033277
0.041297
0.008025
0.035378
0.036885
0.043922
0.037458
0.046013
0.064546
0.034354
0.043458
0.054370
0.009646
0.017350
0.045764
0.031862
0.023705
0.045719
0.034805
0.042766
0.034702
0.028178
0.050400
0.022951
0.041709
0.037657
0.022385
-0.004779
0.020418
0.050990
0.023767
0.043798
0.029961
0.029231
0.013326
0.007820
0.004300
0.008014
-0.009712
-0.002504
-0.017158
-0.010390
-0.006438
-0.020354
-0.005257
-0.003994
-0.013639
-0.001692
-0.009126
-0.019902
-0.003955
-0.020283
-0.007409
-0.015905
-0.037025
-0.022185
-0.032641
-0.035346
-0.042489
-0.013896
-0.023254
-0.013745
-0.015541
-0.001342
0.006562
0.032484
0.028974
0.046740
0.093842
0.134345
0.146324
0.201240
0.261845
0.269540
0.316370
0.358606
0.376548
0.409891
0.434094
0.444647
0.452365
0.455511
0.425265
0.434115
0.274125
