-0.043686
-0.059301
0.094349
0.466138
0.523229
0.459406
0.453245
0.450656
0.393369
0.391723
0.377239
0.359307
0.387023
0.342470
0.275468
0.312795
0.287880
0.285337
0.243275
0.229181
0.246507
0.253487
0.210190
0.195351
0.182211
0.201572
0.133649
0.146138
0.168028
0.113313
0.189356
0.141738
0.101100
0.095370
0.079400
0.074427
0.089776
0.072705
0.050204
0.015705
0.040352
0.076671
0.056658
0.027243
0.038336
0.042783
0.017201
0.016789
0.036076
0.048612
0.037262
0.041886
-0.022612
0.003743
-0.015372
0.006800
-0.003946
0.023639
0.009462
0.033315
0.016185
0.038429
0.020980
-0.007285
-0.012452
-0.054205
-0.034281
-0.008039
-0.040469
-0.032170
-0.023837
-0.003000
-0.007384
-0.001448
0.011366
-0.017486
-0.015233
-0.031158
-0.052298
-0.033828
0.003119
0.033525
0.014128
0.025056
0.031352
-0.019345
-0.030786
-0.010866
-0.005243
0.032572
0.039725
0.016614
0.007361
-0.022907
0.013937
0.043410
-0.007837
0.035906
-0.008960
-0.021229
-0.026396
-0.002917
-0.025250
-0.042096
-0.017870
-0.024065
-0.010778
0.009732
-0.000654
-0.020978
-0.043117
0.015991
-0.037211
-0.005103
0.020111
-0.010950
-0.034181
-0.040581
-0.036316
-0.025847
0.001707
-0.029226
-0.011355
0.058820
0.124565
0.122753
0.141394
0.192797
0.226331
0.284363
0.334867
0.344515
0.394070
0.452593
0.545200
0.504052
0.461835
0.578552
0.531823
0.477764
0.491884
0.496318
0.430158
0.377044
0.328536
0.300870
0.255863
0.186418
0.103535
0.074234
0.062847
0.038625
0.083046
-0.003258
-0.021089
0.003299
