-0.010604
-0.003551
0.027966
0.027987
0.028383
-0.006517
-0.029328
0.022682
0.009372
-0.016550
0.061293
0.018270
0.046212
0.047436
0.028338
0.032301
-0.004959
-0.021220
0.000921
0.022088
0.019833
0.038998
-0.010368
-0.005036
-0.017433
0.025651
-0.008201
0.017915
0.007759
-0.007687
0.016128
-0.016072
0.025840
0.044707
0.012223
0.008030
0.017894
0.028151
-0.000771
0.005808
-0.007361
-0.016436
0.021033
-0.006162
-0.006583
0.002059
0.034917
0.029862
0.026389
-0.019793
0.058861
0.016740
0.049692
-0.006340
-0.000267
-0.032841
-0.037371
-0.044300
-0.007690
-0.002359
-0.042034
-0.026438
-0.000855
-0.023790
0.026791
-0.005933
0.021687
-0.047107
-0.037796
-0.053346
-0.017045
-0.010568
0.036496
0.043630
0.026680
0.045644
0.097437
0.134270
0.170572
0.243142
0.201418
0.261023
0.345045
0.395636
0.481310
0.557320
0.619805
0.680116
0.839863
0.872511
0.960257
1.005753
1.137541
1.186104
1.279513
1.359200
1.411356
1.491624
1.560150
1.591411
1.718608
1.748038
1.773119
1.842584
1.866728
1.943178
2.010517
2.077529
2.092299
2.107306
2.092145
2.135915
2.176660
2.182090
2.168532
2.186244
2.128203
2.171469
2.255046
2.267357
2.328007
2.332652
2.360307
2.399560
2.420339
2.485650
2.423136
2.418232
2.469513
2.475753
2.470922
2.374450
2.345652
2.218839
2.091598
1.877485
1.737368
1.587013
1.408185
1.300860
1.169941
1.022083
0.891879
0.768019
0.640359
0.532244
0.456858
0.394169
0.325824
0.198438
0.180808
0.115841
0.056430
-0.006217
-0.028794
-0.087519
-0.048664
