-0.008201
-0.099868
-0.085459
-0.119624
-0.136578
-0.095423
-0.133402
-0.035226
-0.056306
-0.019232
0.015292
0.030888
0.039908
0.039858
0.147017
0.174380
0.157339
0.229287
0.273813
0.367400
0.508318
0.565137
0.609208
0.678893
0.635826
0.594333
0.586752
0.569045
0.471630
0.370424
0.411340
0.408402
0.268160
0.231516
0.167945
0.109636
0.085155
0.093258
0.094057
-0.001833
-0.014677
0.033594
-0.052177
-0.038768
0.007036
0.033377
-0.004147
-0.022987
-0.061151
-0.092755
-0.009260
-0.000426
-0.010560
-0.019846
-0.057896
0.024732
0.007859
-0.006307
-0.054402
-0.119704
-0.005931
-0.064477
-0.047596
-0.020366
0.022319
-0.022295
-0.026312
-0.039065
-0.007533
0.056869
-0.028220
0.008760
-0.008971
0.023815
0.005387
0.058643
0.059293
0.049625
0.040925
0.004065
-0.062207
0.068498
0.071224
0.038676
0.014195
0.030591
0.003499
0.007106
-0.037354
-0.026409
0.068007
-0.009383
-0.045348
0.009189
0.040773
0.034720
0.037035
-0.002140
0.048737
-0.025783
-0.038166
-0.076356
0.021448
0.048510
0.072917
0.006122
-0.005578
0.025662
0.017808
0.049693
0.060662
0.050236
-0.038387
0.014005
0.090636
0.073910
-0.031895
-0.062023
-0.046062
-0.120761
-0.014741
0.093466
0.112248
0.076674
-0.025323
-0.042246
0.001289
0.064092
0.070525
0.042618
-0.011365
0.055064
-0.021691
-0.009536
-0.025638
-0.037815
0.027708
0.019008
-0.050574
-0.022663
0.007078
0.095796
0.096621
0.054731
-0.009934
-0.013446
0.003330
0.038407
-0.021523
0.038924
0.034130
0.040334
-0.030797
-0.057960
0.026425
0.036276
0.058196
