0.017763
0.059040
0.037709
0.030155
-0.012722
-0.005120
0.016531
0.001784
-0.002780
0.007005
0.044175
0.026217
0.018436
0.005989
-0.000213
-0.025964
-0.030419
0.010208
0.006565
0.009006
0.015480
-0.006763
0.016371
0.036220
0.026462
0.018972
0.018345
0.020580
0.009494
0.014480
-0.008312
-0.000441
0.038206
0.022152
0.005410
0.032823
0.012483
0.011329
0.012426
0.013834
0.003105
-0.003880
0.011614
0.011037
0.027999
0.036977
0.022767
0.012741
0.037531
0.030924
0.006762
0.013175
0.000463
0.015229
0.002491
0.042593
-0.009859
-0.008224
0.010033
0.029254
0.003763
-0.034769
0.026369
0.018333
0.038519
0.016183
0.022332
0.018345
0.010640
0.006220
0.013203
0.010612
0.013054
0.013397
0.025901
0.060453
0.005742
0.035669
0.003613
-0.003229
0.001182
0.029305
-0.012744
-0.022362
0.001106
-0.010760
-0.003819
0.017544
-0.015920
0.008475
0.009211
0.000757
-0.003307
0.005664
0.026968
0.017550
-0.032771
-0.022026
-0.010605
0.008844
0.007464
-0.037337
-0.041546
-0.015385
-0.015123
0.014810
-0.054304
-0.031021
-0.014115
-0.031955
-0.037031
-0.052696
-0.013705
-0.051527
-0.042637
-0.057089
-0.039197
-0.018918
-0.001773
0.024922
0.020124
0.027960
0.038760
0.074971
0.105676
0.133905
0.186138
0.215470
0.274167
0.304261
0.390077
0.448938
0.467913
0.450042
0.431384
0.473704
0.458802
0.380598
0.352772
0.295581
0.228363
0.199573
0.124108
0.087031
0.052382
0.001395
-0.006169
-0.011832
-0.025622
-0.049791
-0.066335
-0.071340
-0.047470
-0.076847
-0.094646
-0.091593
