0.074024
0.117748
0.121079
0.131258
0.119766
0.123296
0.112691
0.099240
0.078747
0.070059
0.061947
0.071598
0.071192
0.071207
0.042083
0.021568
-0.023291
-0.017362
-0.015617
-0.018915
-0.019057
-0.014337
-0.012440
-0.011894
-0.013310
-0.003786
-0.009364
-0.004685
0.002061
-0.011911
-0.008439
-0.008590
0.004840
0.009774
0.011390
-0.000382
-0.001407
0.007868
0.005122
-0.000129
0.000514
0.002814
0.008957
-0.002220
0.003599
0.020854
0.005617
-0.001042
0.005369
0.008708
0.002357
0.008568
0.014199
0.008594
0.010368
0.009218
0.023764
0.018906
0.008038
0.008817
0.000341
-0.002170
0.012663
0.014879
0.017844
0.015497
0.007143
0.007164
0.014394
0.029769
0.016775
0.024104
0.007157
0.020970
0.018816
0.002296
0.003606
-0.003703
0.017286
0.013370
0.010245
0.018502
0.020250
0.027094
0.020845
0.031180
0.017718
0.026871
0.002686
0.010393
0.008101
0.014809
0.017375
0.014299
0.003527
0.000632
0.014038
0.013209
0.027737
0.004775
0.014271
0.018313
0.013127
0.015241
0.014364
0.009150
0.019931
0.012825
0.019098
0.013377
0.010119
0.028518
0.019872
0.010199
0.010610
0.002066
0.008197
0.012404
0.014995
0.003310
0.010148
0.009197
0.000334
0.018110
0.013239
0.017754
0.013300
0.008968
0.016463
0.007907
0.014216
0.002715
0.004905
0.011250
0.004524
0.005418
0.003191
0.011167
0.007261
0.003772
0.018078
0.004221
0.006951
0.007484
0.015377
0.012334
0.016046
0.005818
0.010602
0.005229
0.017481
-0.004809
-0.001457
0.004943
0.002084
0.009868
0.000837
