-0.014802
0.012200
-0.024854
-0.015235
0.011181
0.043742
0.070736
0.006404
-0.009139
-0.015759
0.010371
0.027228
0.005265
-0.027950
0.039334
0.082114
0.083307
0.055370
0.027624
0.023530
0.033321
0.056707
0.045572
0.058841
0.033749
0.046336
0.039550
0.032826
0.080503
0.005985
0.031689
0.022941
0.052298
0.086838
0.101876
0.118778
0.116239
0.088590
0.133917
0.131839
0.108248
0.097606
0.123372
0.057040
0.068777
0.040511
-0.008933
0.001008
-0.002947
0.016292
0.005054
0.061808
0.033830
0.009903
-0.022273
-0.004382
0.036113
0.050682
0.026545
0.006590
0.018314
0.029819
0.017383
0.011851
0.014423
0.018150
-0.003406
0.055133
0.045837
0.015930
0.013320
0.061972
0.039530
0.039348
-0.006331
0.029403
-0.004534
0.000541
