0.445476
0.665168
0.788353
0.775822
0.790241
0.256929
-0.039361
-0.028715
-0.097029
-0.083329
-0.071496
-0.034521
-0.049317
-0.048674
-0.097837
-0.071112
0.008596
-0.001363
-0.018319
-0.057379
-0.000413
-0.017532
0.062706
0.010461
0.003397
0.021258
0.049955
0.035798
0.026776
0.024427
0.061335
-0.001151
0.024007
0.087390
0.090058
0.061243
0.043139
0.128870
0.025470
-0.018578
0.016012
0.059920
0.083023
0.059004
0.088939
0.086031
0.044264
-0.007963
0.037778
0.057126
0.081670
0.027637
0.129679
0.063025
0.070137
0.053869
0.041757
0.059700
0.034435
0.030970
0.065283
0.038970
0.009462
0.060946
0.068862
0.021754
0.015393
-0.007463
0.041036
0.019828
0.040727
-0.014330
0.021687
-0.065018
0.014057
-0.033692
0.012476
0.014700
0.041182
0.031918
0.037142
0.045740
0.096976
-0.016959
0.018375
0.039933
0.011969
0.052814
-0.016563
-0.006727
0.033618
-0.034853
-0.019550
0.003502
-0.027286
0.026092
-0.040759
-0.057045
-0.065337
-0.003611
-0.038241
-0.012651
0.023777
-0.004331
-0.008338
-0.075740
-0.049262
-0.077423
-0.021003
-0.023277
-0.004590
-0.009341
-0.021131
-0.043412
-0.031507
-0.024237
0.000939
0.001676
-0.001980
-0.031784
-0.028742
0.029793
-0.050027
-0.094202
-0.076367
-0.017036
-0.040312
-0.020318
0.020171
-0.031468
0.031383
-0.014446
0.001654
0.016246
-0.036609
-0.000173
0.011519
-0.021322
-0.014200
-0.037010
0.024568
0.035512
0.009592
0.008373
0.036641
0.058482
0.007237
0.036730
0.031294
0.062180
0.059008
0.055417
0.105219
0.121033
0.044053
0.009999
