0.100736
0.136762
0.099592
0.094236
0.122692
0.098905
0.085278
0.102533
0.097071
0.098221
0.085280
0.096668
0.087630
0.073775
0.092659
0.067883
0.047746
0.052829
0.041470
0.038392
0.066809
0.067233
0.040272
0.050008
0.036691
0.006781
0.014893
0.037201
-0.004366
-0.001705
0.023306
0.057088
0.008283
0.014368
0.035710
0.022585
-0.008041
0.020473
0.005662
0.020670
0.009443
0.022403
0.009017
-0.014029
-0.011899
0.006186
0.027106
0.019690
0.011539
0.002292
0.021933
0.022418
0.002523
0.009483
-0.015815
0.034998
0.033819
0.006475
0.038607
0.016009
0.011692
0.008245
0.002772
0.020497
-0.010101
0.024467
0.016730
0.005202
0.005666
-0.017777
0.013512
0.009295
0.002663
0.000788
0.011856
0.007168
0.032888
0.017860
0.006525
-0.002915
0.010674
-0.018545
0.008109
-0.001976
0.007316
0.012489
-0.022069
-0.014752
0.010561
0.031281
0.016697
0.002222
-0.008157
-0.010091
0.021764
-0.020617
-0.003554
0.024984
0.006203
0.015546
0.010854
0.001484
-0.013761
0.010461
0.011184
-0.003275
-0.005256
0.015768
0.008391
0.041542
-0.013523
0.009952
-0.000132
-0.019018
0.020897
0.002224
0.015970
0.017732
0.027233
-0.004406
-0.003837
0.018828
0.029300
0.033451
0.024309
0.014755
0.025237
0.019325
0.032531
0.031333
0.000138
0.015325
0.024222
0.011451
0.009650
-0.010142
-0.008806
-0.003991
-0.000170
-0.006499
0.010416
0.015527
0.002975
-0.002273
-0.003552
0.013248
-0.010512
-0.000755
0.004156
0.006418
0.012081
0.012017
0.011435
0.032893
0.047029
0.044455
