0.053685
0.087098
0.100186
0.094964
0.082059
0.098302
0.092037
0.087468
0.090030
0.077929
0.068340
0.069954
0.062089
0.054565
0.050650
0.037796
0.027839
0.017009
0.003299
0.004280
-0.008634
-0.020663
-0.023445
-0.022577
-0.018940
-0.027201
-0.019956
-0.009080
-0.013336
-0.011138
-0.010366
-0.009987
-0.001301
-0.011640
-0.009736
-0.004125
-0.011837
-0.005649
-0.016638
-0.005112
-0.003662
0.000753
-0.001507
-0.006184
-0.008457
-0.002339
-0.002113
0.008307
0.007545
0.009645
0.001444
0.010565
0.011756
0.011352
-0.002016
-0.001018
0.008872
0.001293
0.004851
0.008159
0.021821
0.020450
0.006586
0.002416
0.007394
0.009110
0.004276
0.004490
0.004183
0.001695
0.012391
0.009449
0.007619
0.008168
0.016649
0.016014
0.018391
0.023669
0.013150
0.002894
0.013624
0.031649
0.019471
0.025257
0.005609
0.004079
0.010246
0.017808
0.013225
0.022710
0.010451
0.001092
0.000150
0.009987
0.006879
0.008155
0.015058
0.014878
0.012560
-0.001169
0.005647
0.005947
0.012281
0.011358
0.006209
0.006623
0.005640
0.010395
0.010955
0.007468
0.004142
0.018441
0.003141
0.017115
0.013506
0.009529
0.020020
0.015750
0.010639
0.004803
0.001142
0.011133
0.007670
-0.004881
0.006143
0.013172
0.015823
0.024802
0.006155
0.008550
0.014097
0.022434
0.012210
-0.000222
0.009822
0.012940
0.019739
0.008431
0.013710
0.017054
0.014531
0.023184
0.014674
0.014526
0.011270
0.013604
0.009238
0.013317
0.013274
0.021891
0.012118
0.014036
0.017916
0.012599
0.017969
0.017480
0.010663
