-0.022960
-0.039841
-0.046367
-0.027247
-0.022743
-0.018172
0.004938
-0.028707
-0.040315
-0.023289
-0.025433
-0.012728
0.004653
0.003973
0.018731
0.011334
0.003758
-0.001930
0.022000
0.020147
0.010750
-0.003647
0.009778
0.024044
0.029361
0.041908
0.026168
0.013065
0.029325
0.041749
-0.002701
0.021428
0.009986
0.046744
0.029442
0.014421
-0.001481
0.023683
0.014639
0.020503
0.034029
0.028302
0.036640
0.019446
0.028329
0.043119
0.036028
0.023049
0.004124
0.012207
0.033225
0.042832
0.026165
0.003945
0.021017
0.023494
0.023620
0.039457
0.037682
0.015594
0.004268
0.015642
0.013340
0.034437
0.011808
0.003495
0.001178
0.009411
0.014555
0.016780
0.028633
0.005995
0.005386
-0.000172
-0.012225
0.003920
0.010771
0.008720
0.007875
-0.006451
0.001292
0.008044
0.032469
0.025977
-0.029890
0.003929
-0.002495
0.008532
0.005372
0.019077
-0.007368
-0.014685
-0.006553
0.008319
0.017579
-0.001006
0.006269
-0.002669
-0.012495
-0.037607
-0.031447
-0.030029
0.001767
-0.022156
-0.009506
0.001084
-0.004244
0.014817
-0.008865
0.004996
0.003359
-0.013160
-0.003843
0.005497
-0.028551
-0.005993
0.011754
-0.010182
-0.016616
-0.003175
-0.013547
-0.008774
-0.022037
-0.005225
-0.016776
-0.018104
-0.013850
-0.018514
-0.038955
0.000309
0.008663
-0.019254
-0.005296
-0.008279
-0.022220
0.236798
0.375666
0.377894
0.377998
0.390381
0.395221
0.386650
0.386628
0.389889
0.381640
0.385078
0.398673
0.399607
0.399131
0.424540
0.420084
0.435825
0.416761
0.405506
0.450136
0.367543
