0.001071
0.015753
0.019470
0.018489
0.000788
0.004636
0.016066
0.026934
0.042937
0.025108
0.001757
0.027245
0.010802
-0.002975
0.024171
-0.003507
-0.005939
0.012554
0.020737
0.042026
0.045841
0.032580
0.043143
0.011504
0.013768
0.042871
0.046856
0.045072
0.014067
-0.001587
0.022485
0.047536
0.026947
0.052055
0.038283
0.033615
0.011978
0.023533
0.034682
0.026906
0.032646
0.024635
0.021908
0.019078
0.030726
0.024959
0.012808
0.006340
-0.000072
0.025124
0.005737
0.007306
0.005918
0.027084
-0.006716
0.011292
0.022762
0.006481
-0.024853
-0.005736
0.006069
0.009874
0.015021
0.005088
0.055500
0.026745
0.023765
0.006014
0.009197
0.010832
0.039570
0.028215
0.023325
0.022405
0.007635
-0.005279
0.005468
0.033403
0.046560
0.028886
0.010434
0.039636
0.035806
0.053947
0.021103
0.013442
0.029968
0.048739
0.012849
0.032743
0.044740
0.009901
0.052544
0.034128
0.000753
0.015899
0.003068
0.016542
-0.008154
-0.009577
0.022503
-0.018066
-0.015134
0.006260
0.038587
0.017346
-0.022402
-0.051442
-0.015738
-0.044164
-0.049655
-0.050512
-0.017442
-0.027429
-0.021912
-0.045031
-0.051359
-0.070734
-0.089558
-0.099182
-0.094021
-0.107708
-0.102210
-0.081085
-0.080819
-0.096350
-0.069744
-0.055998
-0.034248
-0.006750
0.025955
0.050711
0.079931
0.122460
0.204190
0.279142
0.351347
0.465081
0.573607
0.699675
0.742393
0.697556
0.636951
0.594647
0.498739
0.470428
0.391658
0.328928
0.239774
0.175637
0.142988
0.083997
0.052143
0.005712
0.014563
-0.023540
