-0.016252
-0.012223
0.044491
-0.035869
0.016916
0.017795
0.089212
-0.040482
-0.022842
0.000343
0.024904
0.024749
0.011559
0.024845
-0.029913
0.006685
0.014225
0.027607
-0.026914
-0.014665
0.026990
0.015686
-0.011224
-0.032315
-0.035774
-0.065014
0.033794
-0.026507
-0.022561
0.023285
0.023404
0.031067
-0.008246
-0.013671
0.001078
0.041038
0.005068
-0.003276
-0.003474
-0.038597
-0.032369
0.014331
-0.054600
0.046488
0.078293
0.010775
-0.027839
0.025709
-0.026678
0.055257
0.075626
0.047626
-0.037246
-0.021868
0.010571
0.001559
0.021677
-0.021244
-0.037470
-0.082950
-0.000573
0.006523
-0.047756
-0.007052
0.003768
-0.073535
-0.065907
-0.046211
-0.037897
0.005366
-0.004105
0.022819
-0.014033
-0.045919
-0.006610
-0.014647
0.002454
-0.021507
-0.020423
0.036159
0.006406
-0.016612
-0.010135
-0.052386
-0.046216
-0.066702
-0.030748
-0.082113
-0.009836
0.013261
0.016186
-0.018108
-0.046640
0.015037
0.027159
0.084036
0.424533
0.621959
0.663349
0.451548
0.505324
0.506591
0.438224
0.457204
0.442007
0.456029
0.373196
0.260263
0.176176
0.613261
0.320554
0.315007
0.240539
0.272204
0.536295
0.415136
0.376409
0.600823
0.576817
0.317389
0.339329
0.230620
0.087958
0.281425
0.302954
0.368177
0.163345
0.439783
0.082674
0.330626
0.450038
0.057016
0.260074
0.245576
0.071000
0.299504
0.203128
0.161099
0.583897
0.619427
-0.002023
0.152995
0.166576
0.423416
0.285589
0.426139
0.077017
0.203278
0.445788
0.424173
0.508834
0.427540
0.170727
0.323397
0.340579
0.093659
0.147832
