-0.022700
-0.044118
-0.026390
-0.025496
-0.030062
-0.042540
-0.027249
-0.027878
-0.048460
-0.055966
-0.063136
-0.071482
-0.091280
-0.062211
-0.071726
-0.051283
-0.062305
-0.052729
-0.046389
-0.091833
-0.049204
-0.049125
-0.020826
-0.001858
-0.004749
0.030574
0.073057
0.110584
0.156570
0.229661
0.253807
0.266279
0.333096
0.374293
0.434278
0.457199
0.480204
0.504771
0.508835
0.509766
0.459049
0.429206
0.397863
0.358887
0.326114
0.287054
0.246941
0.203336
0.146691
0.093530
0.045718
0.039144
-0.001168
-0.016316
-0.062533
-0.077752
-0.081007
-0.097337
-0.106958
-0.088020
-0.084745
-0.062030
