0.231683
0.388228
0.453416
0.476956
0.482888
0.478269
0.511337
0.494453
0.446989
0.365017
0.390831
0.352296
0.304050
0.319801
0.242137
0.150378
0.127262
0.110094
0.063284
0.043276
0.034007
0.002210
-0.030524
-0.007988
-0.013868
-0.049473
-0.034315
-0.045867
-0.057363
-0.076951
-0.103376
-0.042566
-0.042811
-0.036494
-0.028481
-0.025058
-0.025818
-0.044557
-0.032306
-0.032856
-0.012329
-0.037595
-0.055101
-0.031802
-0.035939
0.040912
0.044365
0.065136
0.029030
-0.021309
0.034577
0.046024
-0.007228
0.007052
0.011016
0.046571
-0.006300
-0.007541
0.023599
0.015270
0.037209
0.002278
-0.011339
-0.043899
0.013519
0.015188
-0.011622
0.000038
-0.003204
0.041424
0.006397
0.038816
-0.002725
0.018429
0.017023
-0.001246
-0.040663
0.050816
0.068371
0.040466
0.013396
-0.014258
-0.032130
0.006614
0.055030
0.054170
0.030589
0.011882
0.077781
-0.029436
0.021637
0.049654
0.033401
0.036073
0.032579
0.035112
0.008401
0.026308
0.071747
0.070619
0.005351
-0.012387
0.017148
0.001024
-0.006964
-0.003405
0.037119
-0.005807
-0.002410
0.018730
0.003869
0.042167
-0.001630
-0.034364
0.027164
-0.035341
-0.023528
0.011394
-0.022189
-0.004858
0.031358
0.018624
0.047679
0.021604
0.025581
0.014979
-0.016985
-0.036020
-0.005075
0.003668
0.053520
0.041464
0.006601
-0.014353
-0.033443
-0.011855
0.022529
0.026154
0.048965
0.020044
-0.011156
0.022981
0.027223
0.009062
0.029854
0.002246
-0.017596
-0.001261
0.007468
0.004259
0.009645
0.020621
-0.010819
0.041015
0.008019
0.012301
0.006147
