0.378903
0.626819
0.693471
0.631082
0.659478
0.627555
0.606286
0.625721
0.577508
0.664356
0.662337
0.680038
0.643067
0.609550
0.672999
0.652596
0.617151
0.629449
0.591712
0.600310
0.611209
0.624562
0.657443
0.680195
0.608444
0.655199
0.644903
0.636789
0.615695
0.661527
0.626012
0.629339
0.608970
0.692543
0.638314
0.597417
0.604359
0.707352
0.666898
0.636446
0.586563
0.584678
0.637154
0.632602
0.331884
0.090676
0.034414
-0.008994
0.017938
0.072250
0.015398
0.019966
0.063311
0.020218
-0.002742
-0.007670
0.019946
0.027623
0.025701
0.069399
0.056484
0.030257
-0.002763
0.011957
-0.028420
0.006057
0.023110
0.011054
-0.002139
-0.013103
-0.024620
-0.010407
-0.021940
-0.040322
-0.053994
-0.026445
-0.083711
-0.080478
-0.064852
-0.033153
-0.088397
-0.077107
-0.092443
-0.111302
-0.102926
0.021187
0.505992
0.513061
0.540349
0.546731
0.538645
0.554411
0.579862
0.572336
0.490105
0.471551
0.442502
0.457734
0.453232
0.429365
0.453859
0.416977
0.355233
0.344043
0.380782
0.390337
0.397706
0.366467
0.345733
0.352148
0.347614
0.332752
0.307313
0.284502
0.282543
0.298853
0.339780
0.280975
0.257090
0.231115
0.265580
0.220120
0.177706
0.212403
0.214786
0.204881
0.214093
0.177835
0.176129
0.214295
0.154343
0.094843
0.084218
0.064440
0.067836
0.100043
0.064109
0.040241
0.063768
0.048262
0.065680
0.056047
0.056000
0.044589
0.049316
0.048699
0.040052
0.014980
0.034559
0.041049
0.040724
-0.020448
0.010307
-0.014658
0.011353
0.081716
0.064504
