-0.017654
-0.010079
0.048911
-0.026576
-0.031599
-0.017638
0.001517
0.027137
-0.006900
-0.079004
-0.087669
-0.038464
-0.049030
-0.058531
-0.071955
-0.043236
-0.062338
0.022449
0.017895
0.025509
0.020912
0.060493
0.092495
0.096426
0.149851
0.102607
0.186449
0.201156
0.243917
0.352670
0.414879
0.338400
0.384494
0.384825
0.279034
0.284320
0.194952
0.188833
0.216548
0.128204
0.132265
0.132287
0.112444
0.088302
-0.004747
0.020674
0.045459
-0.039693
-0.022341
-0.010689
0.021923
0.008355
-0.043301
-0.060487
-0.003773
0.001033
-0.069463
-0.083504
-0.055474
-0.019506
-0.036604
0.012281
0.002563
0.037497
0.008757
-0.044257
-0.056072
-0.004137
0.003107
-0.012860
