0.257083
0.416838
0.438330
0.454797
0.412161
0.400901
0.436531
0.425185
0.374023
0.389279
0.377731
0.406669
0.384091
0.400781
0.404997
0.294388
0.196983
0.146207
-0.019180
-0.090178
-0.002736
-0.033424
-0.107009
-0.059415
0.009933
0.023662
0.001865
0.026478
-0.046829
-0.002652
-0.007374
0.001269
0.031197
0.028650
0.028568
0.003280
0.046496
0.031156
-0.002590
0.041135
0.039236
0.027465
0.044622
-0.000530
0.015076
0.016760
0.066446
0.042773
0.030585
0.013684
0.019792
-0.010884
-0.037984
0.042282
0.048911
0.024808
0.067461
-0.050575
-0.016041
0.061072
0.022704
0.016197
0.098581
0.044066
-0.023707
-0.003001
-0.000115
0.017797
0.056262
0.087727
-0.046768
0.036149
0.061153
0.033382
0.064271
-0.024438
0.061310
-0.021030
0.010706
0.091155
0.062387
0.034017
0.031103
-0.011786
0.017015
0.031549
0.016616
0.000789
-0.035218
-0.010363
0.007247
-0.014325
0.074903
0.027087
0.100568
0.040668
0.048706
-0.010202
-0.001935
0.015425
0.054452
0.035662
0.069182
-0.025531
0.007488
0.017767
-0.001416
0.020203
0.095510
0.023283
0.046459
0.012745
0.024408
-0.012630
0.037752
0.048297
0.068754
0.060867
-0.009520
0.023837
0.035193
0.004038
-0.064133
-0.021987
0.063687
0.071630
0.115654
0.002093
-0.043308
-0.066925
0.047170
0.042370
-0.037342
-0.001207
0.004766
0.082839
0.069877
0.083279
0.077354
0.089936
0.133152
0.015190
0.072364
-0.005573
-0.013746
0.086372
0.002057
0.007530
0.022053
0.027448
-0.023043
-0.016463
-0.035843
-0.025170
-0.047197
0.017639
0.040799
