0.011427
-0.020990
-0.014984
0.014556
0.047338
-0.003595
-0.038874
-0.039080
-0.019941
-0.044967
-0.058498
-0.041176
-0.016086
-0.027301
-0.032122
-0.042564
-0.062500
-0.075084
-0.099961
-0.095629
-0.099213
-0.106400
-0.086683
-0.083830
-0.090429
-0.081739
-0.065885
-0.046235
-0.022351
-0.001760
0.039497
0.065954
0.092086
0.155527
0.237259
0.311708
0.389151
0.515393
0.630561
0.741902
0.723761
0.668017
0.621326
0.557819
0.485590
0.439380
0.363005
0.289511
0.208896
0.168011
0.107325
0.072670
0.031893
0.005258
0.000639
-0.022302
