0.294329
0.478172
0.476245
0.465386
0.503213
0.489051
0.494569
0.439732
0.482796
0.466565
0.366376
0.362018
0.449015
0.377334
0.356384
0.348871
0.366289
0.346028
0.337692
0.370879
0.266510
0.245694
0.057564
0.035193
0.067223
0.015559
-0.064536
0.013100
0.029548
0.038029
0.007680
-0.006464
-0.011868
-0.021161
-0.049031
-0.017244
0.003219
-0.044863
0.048502
0.041418
-0.006446
-0.037257
0.009081
-0.043939
0.032377
0.009010
0.022628
0.038182
0.007266
-0.028352
0.026608
0.033783
0.033501
0.008682
0.037125
0.017422
-0.007720
0.027661
0.013692
-0.032570
-0.007559
-0.007426
-0.007915
-0.008879
-0.038782
-0.077539
-0.017990
0.029103
0.047430
0.043213
0.020867
0.022971
0.017901
0.034050
-0.043019
-0.074448
0.015141
-0.005455
0.012719
0.020202
0.006456
-0.051380
-0.039436
0.059999
0.068859
0.009540
-0.025158
0.003932
0.057533
-0.042189
-0.016338
0.023978
-0.034713
-0.016967
0.032895
0.054756
0.053279
0.013213
0.004184
0.053282
0.031272
-0.022565
0.027723
0.034911
0.025984
0.013231
0.007026
0.014989
-0.024154
-0.006966
0.015535
-0.002938
-0.042896
-0.022392
-0.011470
-0.009391
0.029224
0.045731
0.074502
0.039114
0.029255
-0.018036
-0.042213
0.022053
0.039474
0.056537
0.059234
-0.010380
0.024987
0.070984
-0.025463
-0.068044
0.024077
0.015198
-0.023892
0.010098
0.038939
0.038336
0.038555
0.046451
-0.000438
-0.042447
-0.016351
-0.039385
-0.017312
0.018098
-0.014582
0.018063
0.009286
0.015008
0.068371
0.012965
0.030884
0.019811
-0.003662
-0.018600
-0.025460
