0.167161
0.292986
0.357454
0.376654
0.353367
0.389376
0.309718
0.355815
0.374293
0.349312
0.313658
0.343107
0.358523
0.385743
0.321072
0.069472
-0.009257
0.028414
-0.024183
-0.010080
-0.037937
0.058774
0.041084
0.008058
0.019071
-0.011842
0.046552
-0.005416
0.054235
0.063107
0.029675
-0.007526
0.004414
0.074451
0.071862
0.013779
0.028818
0.012129
-0.001209
0.011708
0.015092
-0.019353
0.021458
0.060190
0.082916
-0.012383
0.038271
0.025631
-0.091537
-0.041575
0.058950
0.015621
0.057036
0.066974
0.024856
0.022955
-0.012661
0.018917
0.004550
0.050948
-0.017631
0.063653
0.030569
-0.015166
-0.005309
0.047681
-0.005453
-0.039267
-0.048139
-0.009893
0.079566
0.026471
-0.040576
-0.008413
0.022336
0.002927
0.003471
-0.007570
0.030535
0.026661
0.018140
0.004994
-0.044873
0.011794
0.053881
0.025061
-0.018443
0.014185
0.016904
-0.020549
0.027588
-0.034082
0.039350
0.087070
0.041997
0.054660
0.045020
-0.059632
0.039547
0.002439
0.017627
0.037129
0.043848
0.001782
0.049828
0.051196
0.078406
0.005248
-0.002664
0.019739
0.125952
0.066063
0.027343
0.048876
0.039752
-0.002051
-0.033906
-0.006696
-0.049229
0.009664
-0.002506
-0.038125
0.008420
0.063130
-0.000589
0.029709
-0.012310
0.024987
0.018748
0.015505
0.033577
0.006457
0.023705
0.051867
0.036695
0.047274
0.020878
-0.037880
-0.005124
0.003068
0.018691
-0.014865
0.002453
-0.010859
0.012686
0.019205
0.012052
0.110046
0.058742
0.056014
0.008541
0.041737
0.011856
0.035917
-0.018508
0.025981
0.036873
