0.363274
0.606229
0.644337
0.679767
0.698857
0.641144
0.618172
0.607157
0.586163
0.515722
0.460817
0.401351
0.347577
0.295475
0.276085
0.214170
0.167793
0.136888
0.112228
0.070160
0.022605
0.008521
-0.003580
-0.007764
-0.002250
-0.042395
-0.025799
-0.055845
-0.039401
-0.056292
-0.067706
-0.075095
-0.068328
-0.066398
-0.037780
-0.058211
-0.038364
-0.062294
-0.023774
-0.040275
-0.020654
-0.029266
-0.015157
-0.029297
-0.000657
-0.018561
0.022882
0.018690
-0.008141
0.011303
-0.006369
0.036398
0.028889
0.017728
0.034651
0.012750
0.019906
-0.001295
0.008792
0.038963
0.015858
0.007674
0.019958
0.021145
-0.003251
0.021008
0.023277
0.012907
0.026539
0.000667
0.016831
0.018143
-0.004277
0.011990
0.024484
0.000564
0.026700
0.022882
0.057061
0.032360
0.031634
0.027124
-0.003793
0.005076
0.012801
0.012170
0.010289
0.002252
-0.000967
0.016406
0.066322
0.015237
0.044984
0.028814
0.010641
0.013372
0.006874
0.034483
0.022196
0.017043
0.001046
0.009332
0.017173
0.007597
0.028087
0.004958
0.012222
0.002882
0.010319
0.000237
0.006261
0.019890
0.034187
0.026841
0.022086
0.021233
0.032635
-0.005691
-0.023254
0.007848
0.002126
0.003656
0.004923
-0.000102
0.008298
0.022051
0.029931
0.054852
0.019928
0.013682
-0.005543
0.011225
0.021371
-0.004323
-0.008864
-0.014347
0.006749
0.001792
0.019473
0.013129
-0.010825
0.023550
0.013174
0.030652
0.012636
0.047343
0.007701
-0.001920
0.007304
0.020742
0.000170
-0.007147
0.018174
-0.003450
0.025439
0.006066
-0.000085
