-0.020039
-0.003291
-0.048939
-0.058821
-0.022567
-0.033114
-0.023855
-0.061286
-0.013023
0.002692
-0.019904
-0.014863
-0.064013
-0.048758
-0.037724
-0.028710
-0.024483
-0.075342
-0.032502
-0.068451
-0.120330
-0.082170
-0.013062
0.015160
0.035752
0.014559
0.058295
0.126173
0.118104
0.164516
0.255786
0.262300
0.272238
0.296808
0.351327
0.436238
0.454536
0.472015
0.485716
0.530387
0.523703
0.527332
0.447536
0.391255
0.335961
0.354626
0.297776
0.237926
0.172950
0.135683
0.119505
0.023573
0.033081
-0.014587
-0.032683
