0.146651
0.261822
0.294617
0.305786
0.282412
0.257391
0.307668
0.270417
0.193216
0.192718
0.165532
0.139775
0.116751
0.069521
0.039953
0.020969
-0.004731
-0.007590
-0.051844
-0.049013
-0.057271
-0.040155
-0.022724
-0.043066
-0.043496
-0.044596
-0.031988
-0.058299
-0.055889
-0.019143
-0.032542
-0.043428
-0.021642
-0.022300
0.012987
-0.021853
-0.009942
0.020600
0.015810
-0.001689
0.012504
-0.003907
-0.001764
0.012541
0.020986
0.052130
0.029327
0.010712
0.025162
-0.004397
0.014729
0.005218
0.023708
0.007413
0.011466
-0.001154
-0.033510
0.028242
0.028297
0.005711
0.011211
0.003330
0.000925
-0.013017
-0.006111
0.003823
-0.000877
0.017978
0.009943
0.014827
0.017897
0.005088
0.021240
0.020163
0.026468
-0.020123
0.018329
0.022275
0.003509
0.000249
-0.018252
-0.001138
0.021572
0.017936
0.009138
0.025483
-0.016296
0.019222
-0.003869
0.019005
0.024435
0.034644
0.013440
0.049621
0.026773
0.023411
-0.001289
-0.006429
0.015542
0.004050
0.000576
0.017934
0.020448
0.020218
0.024495
0.020417
-0.023472
0.033004
0.020742
-0.020008
0.011794
0.009926
-0.009456
-0.002388
0.020665
0.022321
0.017049
0.028904
0.016382
0.011104
0.015548
0.027194
0.012405
0.009889
0.010296
0.036785
0.011737
0.000922
0.002673
-0.000101
0.006606
0.008515
-0.013872
-0.005786
0.014982
0.004213
0.009100
0.032133
0.029052
0.055468
0.013102
0.003166
0.008258
-0.033647
-0.004062
-0.022645
0.007519
-0.006481
-0.002955
0.015083
0.022797
0.017857
0.004376
0.016373
0.013659
0.024100
0.004550
