-0.083001
-0.002137
0.005544
-0.046257
-0.009678
0.008710
-0.074986
-0.065790
-0.048329
-0.037331
0.005482
-0.004490
0.021016
-0.009923
-0.048472
-0.003587
-0.017437
0.000667
-0.021561
-0.022345
0.035301
0.009577
-0.018808
-0.010804
-0.050610
-0.047735
-0.065201
-0.029698
-0.083223
-0.010390
0.011070
0.016859
-0.015233
-0.049028
0.015413
0.025753
0.077763
0.406792
0.624159
0.670178
0.445571
0.504131
0.507688
0.450670
0.441698
0.440294
0.466619
0.352820
0.284416
0.149210
0.622114
0.331611
0.314884
0.251468
0.260855
0.528200
0.423990
0.365251
0.607468
0.576327
0.317123
0.345317
0.238019
0.082973
0.271804
0.308594
0.364788
0.172988
0.410871
0.105082
0.308588
0.460305
0.041800
0.284451
0.234727
0.061167
0.298167
0.223209
0.140080
