0.551410
0.673375
0.782220
0.858082
0.772792
0.699879
0.728973
0.805331
0.687463
0.782237
0.742782
0.633993
0.692689
0.687573
0.616774
0.665257
0.679171
0.681346
0.649937
0.587272
0.587331
0.665089
0.719519
0.640416
0.541918
0.505601
0.628862
0.658331
0.557391
0.579203
0.524320
0.615174
0.511691
0.439282
0.568312
0.546015
0.515429
0.391032
0.371590
0.400630
0.448561
0.407519
0.414998
0.400455
0.288962
0.225007
0.284281
0.308123
0.319037
0.275537
0.351562
0.290939
0.189349
0.146308
0.190644
0.155807
0.173263
0.141501
0.176290
0.176590
0.160850
0.158968
0.183317
0.169901
0.110287
0.300446
0.263954
0.166342
0.102174
0.114146
0.073626
0.083791
0.064483
0.048331
0.009436
-0.006962
0.117434
-0.080396
-0.003843
0.011249
0.105576
0.022671
0.083477
-0.049330
0.019500
-0.023937
0.022888
-0.017908
-0.045757
-0.063880
0.005459
0.020172
0.052120
-0.088942
0.009857
-0.095942
-0.067461
-0.007359
-0.047098
-0.068667
-0.079919
-0.074144
-0.056605
-0.070986
-0.034087
-0.068857
-0.081954
-0.044805
-0.061025
-0.036621
-0.016707
-0.041658
-0.017417
0.018659
0.032499
0.027388
-0.007570
-0.000508
0.034213
0.013462
0.003583
0.026810
0.044958
-0.000512
0.022033
0.012132
-0.040864
-0.011051
0.024878
-0.008370
0.002691
0.032260
0.073630
0.035950
0.005212
-0.001400
0.003960
0.009507
-0.029662
0.013212
0.008402
0.029643
-0.021807
0.017398
-0.007966
0.018626
0.010630
0.053657
0.047604
0.060010
0.107862
0.086024
0.086148
0.075676
0.124083
0.096078
