0.034635
0.037742
-0.011606
-0.098507
-0.133718
-0.088276
-0.081679
-0.038276
-0.032171
0.033760
0.104429
0.042646
-0.015178
-0.012621
-0.065541
-0.009166
0.067624
0.059307
0.002519
0.085958
0.078414
0.036551
-0.064561
-0.087163
-0.013672
-0.018133
-0.048357
0.026438
-0.025019
0.041953
-0.091718
0.036898
0.001879
0.070302
0.117852
-0.012433
0.018608
-0.005818
0.026899
-0.005352
0.059073
0.166307
0.164535
0.025391
0.055598
0.056252
0.098878
0.110868
0.034095
0.015478
0.177349
0.094752
-0.039280
0.049629
0.118895
0.157328
0.077642
-0.004038
0.132382
0.106617
0.149948
0.004405
0.063848
0.092894
0.117169
0.053572
0.137220
0.107839
-0.085624
-0.023920
0.036259
0.006089
0.033060
0.014597
-0.021804
0.030843
0.012360
0.018621
0.080596
-0.018135
0.039924
0.069233
-0.051383
-0.015665
-0.020395
-0.104395
-0.098056
-0.143623
-0.051245
-0.136049
-0.189288
-0.078542
-0.097894
-0.140662
-0.108238
-0.104419
-0.121652
-0.193511
-0.149756
-0.196087
-0.233343
-0.339572
-0.316896
-0.347099
-0.358856
-0.439960
-0.441637
-0.592821
-0.502034
-0.487528
-0.644882
0.148411
0.742207
0.634780
0.658276
0.581708
0.583621
0.554199
0.485079
0.443726
0.471620
0.440849
0.504460
0.449872
0.370934
0.362601
0.347751
0.281718
0.312144
0.253678
0.212070
0.188852
0.193210
0.235614
0.211519
0.187757
0.233864
0.115460
0.085159
0.077286
0.007318
0.010256
-0.036448
-0.025877
0.014559
-0.027717
-0.078006
-0.087230
-0.053330
-0.109856
-0.121430
-0.081673
-0.196156
-0.091211
-0.080685
-0.132529
