0.241612
0.417096
0.384290
0.399454
0.387017
0.378948
0.416701
0.376996
0.374891
0.262784
0.036276
0.017380
-0.020433
-0.037442
0.032067
0.039868
0.046906
-0.017370
0.024050
0.010771
0.012110
-0.022034
-0.067993
-0.049647
0.020608
0.019162
0.015315
0.014589
-0.004160
0.021191
-0.009880
0.019018
0.068915
-0.002010
0.023270
0.001263
0.000117
0.018551
-0.002901
0.016204
-0.017184
0.025952
0.001870
-0.044001
0.038438
0.049117
0.022529
-0.012075
0.005379
0.095789
0.057662
0.030425
-0.008635
-0.049516
-0.007183
-0.047030
-0.032990
-0.007227
0.044080
0.050462
0.016105
-0.052423
0.018244
0.029639
0.031540
-0.005727
0.010093
0.000683
0.037315
0.055791
0.045089
-0.040468
-0.019669
0.021204
-0.023094
0.000957
0.016094
0.019540
0.005359
-0.033558
-0.006757
0.048494
0.015104
-0.020210
0.000010
0.004375
0.016498
0.058294
-0.015680
-0.014798
-0.041470
0.003715
0.033470
0.044830
0.028595
0.021027
0.051972
0.012657
-0.032598
-0.058716
-0.024720
-0.066801
0.010392
0.028593
-0.065637
-0.029917
0.066402
0.065099
0.098028
0.012347
0.048906
0.060786
0.044590
0.044999
-0.019460
-0.014489
-0.026398
0.004731
0.018321
0.014238
-0.015889
0.029175
0.034783
0.046572
0.018929
0.018888
0.029298
0.004815
-0.051238
0.058714
0.049041
-0.007368
0.074347
-0.024132
-0.000061
0.062592
0.058314
0.012801
0.108906
0.019420
0.116273
0.082521
0.020417
0.013774
-0.068985
-0.019919
-0.005628
-0.004543
0.038218
-0.006753
-0.033874
0.022210
-0.006994
-0.032428
0.012041
-0.005706
0.064930
