0.036791
-0.005875
-0.038472
-0.038355
0.077709
0.078284
0.011077
-0.031157
-0.005674
0.006477
0.019496
0.009090
-0.008561
-0.014326
-0.019707
0.038918
0.009429
0.042596
0.030601
0.035830
0.026616
-0.036921
-0.002449
-0.006787
0.038808
-0.010243
-0.002855
0.020924
0.027255
0.029416
0.038547
-0.014376
0.003320
0.058490
0.018693
-0.061867
-0.056176
-0.000553
-0.010919
-0.024635
0.000970
0.022132
0.070604
0.043688
0.019452
0.002285
0.022042
0.029999
0.043040
0.048677
0.020831
0.034669
0.026149
-0.011661
-0.007557
0.000001
-0.010663
0.035596
-0.000849
-0.005022
0.008260
0.016729
0.015643
0.018144
0.065316
0.022859
0.027549
0.026425
0.051816
0.073802
-0.002627
0.005789
0.004264
0.054077
0.053265
0.026562
0.065555
0.061811
0.030380
-0.022657
0.020849
0.021446
-0.017062
0.003532
0.049302
0.001145
0.004250
0.049737
0.038390
-0.027383
-0.015364
-0.006979
0.006425
0.010457
0.004934
0.019495
0.027177
0.027108
0.000041
-0.003254
0.032875
-0.022466
-0.003455
-0.054782
-0.054658
-0.021634
-0.037329
-0.023947
-0.059569
-0.010270
0.004433
-0.023323
-0.015257
-0.065266
-0.048722
-0.035620
-0.026746
-0.035319
-0.065748
-0.038933
-0.071934
-0.118223
-0.076781
-0.010196
0.021766
0.036379
0.015289
0.068473
0.121817
0.123140
0.172101
0.261037
0.259791
0.274536
0.300575
0.361511
0.440911
0.453933
0.476787
0.488152
0.532336
0.526395
0.520025
0.442512
0.383770
0.334412
0.351530
0.290427
0.231382
0.165339
0.135886
0.108204
0.022350
0.026694
-0.016608
-0.032046
