0.018794
-0.002981
-0.009246
0.022832
0.026686
0.028380
0.069950
0.053651
0.028779
-0.001107
0.009332
-0.027502
0.005627
0.025167
0.010425
-0.003157
-0.011607
-0.027555
-0.006881
-0.024730
-0.039198
-0.055086
-0.029834
-0.085006
-0.079475
-0.062456
-0.034095
-0.089242
-0.077571
-0.093476
-0.110909
-0.103081
0.043802
0.516236
0.513519
0.540719
0.547704
0.535966
0.557245
0.584440
0.564982
0.489137
0.469681
0.442028
0.456917
0.453414
0.427198
0.456994
0.412698
0.353700
0.344405
0.384953
0.386791
0.398360
0.365919
0.345347
0.352546
0.347347
0.329988
0.307983
0.283871
0.281942
0.302619
0.339228
0.278788
0.255790
0.230654
0.268141
0.215182
0.178054
0.216157
0.210651
0.204052
0.214385
0.177965
0.176608
0.214738
0.153645
0.091679
