-0.000000
-0.000000
-0.000000
-0.000000
-0.000000
-0.000000
-0.000000
-0.000000
-0.000000
-0.000000
-0.000000
-0.000000
-0.000000
-0.000000
-0.000000
-0.000000
-0.000000
-0.000000
-0.000000
-0.000000
-0.000000
-0.000000
-0.000000
-0.000000
-0.000000
-0.000000
-0.000000
-0.000000
-0.000000
-0.000000
-0.000000
-0.000000
-0.000000
-0.000000
-0.000000
-0.000000
-0.000000
-0.000000
0.000000
0.000000
0.000000
0.000000
0.000000
0.000000
0.000000
0.000000
0.000000
0.000000
0.000000
0.000000
0.000000
0.000000
0.000000
0.000000
0.000000
0.000000
0.000000
0.000000
0.000000
0.000001
0.000001
0.000001
0.000001
0.000001
0.000001
0.000001
0.000001
0.000001
0.000001
0.000001
0.000001
0.000001
0.000001
0.000001
0.000001
0.000001
0.000001
0.000001
0.000001
0.000002
0.000002
0.000002
0.000002
0.000002
0.000002
0.000002
0.000002
0.000002
0.000002
0.000002
0.000002
0.000002
0.000002
0.000002
0.000002
0.000002
0.000002
0.000002
0.000002
0.000001
0.000001
0.000001
0.000001
0.000001
0.000001
0.000000
0.000000
0.000000
-0.000000
-0.000001
-0.000001
-0.000001
-0.000002
-0.000002
-0.000002
-0.000003
-0.000003
-0.000004
-0.000004
-0.000005
-0.000006
-0.000006
-0.000007
-0.000008
-0.000008
-0.000009
-0.000010
-0.000011
-0.000012
-0.000013
-0.000014
0.009973
0.968482
2.209095
2.144206
2.258665
2.380546
2.039062
2.158943
1.644310
2.009849
2.043626
2.032221
2.007334
2.128926
2.081099
2.050306
2.035612
2.221959
2.403163
2.145815
2.276572
2.092689
2.365040
1.859018
1.895715
1.050942
