0.045284
0.036678
0.037557
0.092885
0.050310
-0.034334
-0.013055
-0.044877
0.100847
0.014092
0.059267
-0.002511
-0.038851
-0.038133
-0.030131
-0.022467
-0.007502
0.038437
0.067812
-0.009808
-0.053858
-0.016765
-0.030831
0.018031
-0.007570
-0.008567
0.027549
-0.007348
0.017092
0.032581
0.005262
0.037429
0.026141
0.052063
-0.020044
0.015664
0.043115
0.017404
0.069996
0.012442
-0.000832
0.031970
0.062715
-0.000492
-0.012078
0.012055
-0.026333
0.051438
0.006549
-0.004233
-0.002929
0.005311
-0.018595
0.005908
-0.094933
0.023368
0.006912
0.072752
-0.033488
-0.037011
0.075850
0.031896
0.050847
0.034890
0.071979
0.011603
-0.065353
0.039248
0.045777
0.020323
0.033406
0.056023
-0.021862
-0.047358
0.058680
0.007073
-0.005157
-0.009585
-0.075783
0.073590
0.058734
-0.000828
0.010938
-0.003461
0.016345
-0.002264
-0.011513
0.012816
0.033379
0.034017
0.117297
0.040215
0.004007
-0.083423
-0.080236
0.070200
-0.021202
0.029947
0.085181
0.008146
-0.002505
0.031998
0.000808
0.030327
0.013866
-0.005607
0.010256
0.000777
-0.012452
-0.025249
-0.043714
0.027910
0.031208
0.047762
0.062518
0.003495
0.001342
-0.005529
0.012844
-0.059765
-0.013231
0.042766
0.029166
-0.025011
0.064395
0.027488
0.041335
0.022080
0.005475
0.014063
0.079342
0.028874
0.027749
0.005518
0.068963
0.022463
0.272563
1.277749
1.406130
1.468781
1.451844
1.424955
1.399007
1.429531
1.407858
1.472826
1.436298
1.410049
1.378728
1.428414
1.391883
1.427204
1.392830
1.437865
1.352686
0.795384
