-0.014802
0.008007
-0.026590
-0.012609
0.010018
0.037167
0.073059
0.008533
-0.002631
-0.019052
0.008531
0.028402
0.011188
-0.033672
0.036731
0.078477
0.081897
0.061381
0.027384
0.024751
0.032325
0.056048
0.045520
0.055512
0.035467
0.046725
0.040221
0.028352
0.080257
0.013010
0.030518
0.026265
0.044232
0.086764
0.099998
0.120947
0.110689
0.094377
0.126329
0.134015
0.111420
0.095596
0.125836
0.061521
0.067254
0.045720
-0.002877
-0.001554
-0.003147
0.014634
0.003705
0.060449
0.035917
0.015560
-0.024252
-0.003118
0.029842
0.052963
0.026440
0.007566
0.016641
0.032134
0.017625
0.014438
0.010246
0.024988
-0.010710
0.056372
0.046376
0.019427
0.008686
0.059804
0.042209
0.038129
-0.000857
0.025597
-0.001377
0.000191
0.011351
0.037484
-0.007302
0.029861
0.055421
0.016686
0.010570
0.028752
0.012982
-0.032755
-0.004834
-0.003008
0.026525
0.052707
0.044328
0.016435
0.034662
0.035919
0.025016
0.041059
0.043067
0.034583
0.034013
0.020254
-0.018499
-0.017442
-0.006861
-0.009947
-0.000500
0.012631
-0.002688
-0.007849
0.020040
0.043045
0.031390
0.011209
-0.017804
-0.024575
0.018016
-0.027447
-0.003698
-0.011167
-0.021103
-0.041733
-0.010779
-0.002790
-0.015648
0.025520
0.020612
0.013908
0.025618
-0.004069
0.011281
-0.003904
-0.012847
-0.020490
0.004078
-0.018580
-0.033708
-0.012320
0.004341
-0.002041
-0.000888
-0.012581
-0.015844
0.000264
0.005027
0.000308
0.048240
0.048614
0.014420
0.025683
0.025577
0.032947
0.022108
-0.001318
0.032323
0.018939
0.004931
