0.026467
0.055278
0.039681
0.031714
0.027756
0.043887
0.061551
0.055510
0.061883
0.007156
0.014447
0.019893
0.036840
0.068563
0.054065
0.030904
0.025776
0.023824
0.003017
0.054325
0.046917
0.029410
0.019450
0.027322
0.018484
0.022963
0.035758
0.018466
0.061859
0.046747
0.054852
0.017524
0.027453
0.021810
0.013180
0.046714
0.020348
0.018470
0.046725
0.029589
0.044150
0.049453
0.048984
0.058334
0.020519
0.032090
0.041813
0.035702
0.021491
0.021691
0.047676
0.034845
0.016737
0.042127
0.014796
0.031603
0.036030
0.041040
0.018085
-0.000304
0.012480
0.057782
0.052151
0.027096
0.025847
0.029648
0.021366
0.024941
0.057389
0.034157
0.039296
0.051187
0.029048
0.028741
0.031988
0.027372
0.056703
0.043552
0.049362
0.040773
0.047708
0.056201
0.035694
0.016707
0.048903
0.011233
0.008844
0.015022
0.040650
0.034708
0.047966
0.038506
0.033253
0.029583
0.048655
0.018596
0.017366
0.028393
0.019592
0.020963
0.033314
0.012440
0.005226
0.015404
0.014272
0.035857
0.011912
-0.000329
0.014625
-0.017912
-0.024607
-0.009461
-0.026098
0.006517
-0.017247
-0.020132
-0.044091
-0.041649
-0.051135
-0.044852
-0.021535
-0.039575
-0.026304
-0.056643
-0.027180
-0.007437
-0.014808
-0.012181
0.026244
0.040688
0.049481
0.076854
0.115548
0.123181
0.151271
0.174810
0.217373
0.252617
0.278631
0.304572
0.330966
0.340926
0.348008
0.361106
0.365366
0.362667
0.357254
0.326408
0.294699
0.273836
0.255789
0.217164
0.161479
0.105473
0.074344
0.024130
