-0.068079
-0.121175
-0.167699
-0.148888
-0.190538
-0.165704
-0.177436
-0.097169
0.420152
0.488827
0.454395
0.457663
0.429897
0.403789
0.396253
0.385957
0.374801
0.379461
0.339682
0.310014
0.302443
0.296547
0.277511
0.256950
0.238937
0.243841
0.244038
0.224048
0.225657
0.203725
0.213002
0.184674
0.145368
0.145092
0.137310
0.128143
0.118764
0.103837
0.115148
0.106327
0.111033
0.069660
0.052377
0.051092
0.045412
0.048728
0.024337
0.014064
0.018816
0.012594
0.015625
0.007945
-0.013292
-0.009410
0.012919
-0.017812
-0.003474
0.005238
-0.000167
-0.022941
-0.006060
-0.004610
0.016265
-0.023201
-0.021966
-0.021387
-0.015219
-0.016953
-0.017905
-0.031790
-0.007127
0.019660
-0.004144
-0.026142
-0.013851
-0.015568
0.000433
-0.012490
-0.020450
-0.010896
-0.032150
-0.002701
0.008137
0.000655
-0.031164
-0.027506
-0.027303
-0.001479
-0.034975
-0.004079
-0.018519
-0.017101
0.008540
-0.017675
-0.013271
-0.012777
0.006177
0.010705
0.002666
0.008036
-0.009951
0.001833
0.002244
-0.000248
0.002966
-0.011817
-0.003632
0.003697
0.009640
-0.003946
0.004630
0.000584
0.013113
0.028793
0.015627
0.012916
-0.004039
0.000434
0.026546
0.007400
0.006279
0.004581
0.009138
0.018480
0.041757
0.005740
-0.004728
0.001237
0.004906
0.001307
-0.005252
0.003316
-0.002920
-0.011051
-0.002220
0.008994
0.010332
0.027284
0.010257
-0.005586
0.013113
0.028528
0.036237
0.017686
0.006699
0.025110
0.019848
0.013797
0.014887
0.007243
0.032664
0.020695
0.002605
0.020438
0.031535
0.009691
0.006151
