0.145342
0.236196
0.245739
0.246546
0.244173
0.255869
0.258346
0.252447
0.249008
0.245351
0.247162
0.243323
0.221561
0.108543
0.026524
0.011997
-0.013591
-0.008772
-0.014010
-0.008100
-0.005232
-0.010664
0.005107
-0.009383
0.017343
0.012062
-0.001499
-0.020260
-0.004466
0.003130
-0.008690
-0.010163
0.002930
-0.000623
0.007536
0.003218
-0.003469
-0.019249
0.008339
0.004762
0.010439
0.010331
0.018337
0.007275
0.002505
0.003326
-0.007143
-0.007626
0.008836
0.004235
0.000127
0.000625
0.010210
0.015092
0.016453
-0.000033
0.011766
0.021383
0.006982
0.000902
-0.002609
0.021206
0.013346
0.003736
0.009254
0.021313
0.005674
0.002870
0.011555
0.027492
0.021526
-0.001921
0.006405
-0.001707
0.002921
-0.002134
-0.001092
0.002814
0.009935
0.027536
0.000714
0.007410
0.035297
0.015365
0.019419
0.009478
0.012351
0.007761
0.022331
-0.011311
-0.000233
0.010140
0.004354
0.005269
0.022240
0.004108
0.017610
-0.013669
0.008008
0.016295
0.009775
0.009446
0.019221
0.004948
0.010042
0.012434
0.019794
0.015541
-0.014467
0.007901
-0.002294
0.007105
0.045509
0.013853
-0.001818
0.010830
0.009117
0.017403
0.010891
0.024437
0.021728
0.005023
-0.000553
-0.006990
0.007837
0.016216
0.029455
0.019814
-0.001555
0.001299
0.018483
0.009690
0.021596
0.041284
0.017305
0.015876
0.024980
0.024263
0.021652
-0.003906
0.011383
0.025751
0.007221
0.022516
0.002822
0.013245
0.020129
0.012709
0.002830
0.023669
0.013031
-0.002991
0.026391
0.024322
0.008855
0.005687
0.006292
