0.000000 0.000000 0.000000 0.000000 0.000000 0.000000 0.000000 0.000000 0.000000 0.061275 0.118146 0.079576 0.136415
0.000000 0.000000 0.000000 0.000000 0.000000 0.000000 0.000000 0.000000 0.000000 0.401307 0.688826 0.526004 0.496086
0.000000 0.000000 0.000000 0.000000 0.000000 0.000000 0.000000 0.000000 0.264241 0.774589 1.302590 1.284822 0.982773
0.000000 0.000000 0.000000 0.000000 0.000000 0.000000 0.000000 0.195953 0.496909 1.150692 1.710896 1.564416 1.023549
0.000000 0.000000 0.000000 0.000000 0.000000 0.000000 0.116222 0.307138 0.810045 1.423389 1.885425 1.525736 1.045551
0.000000 0.000000 0.000000 0.000000 0.000000 0.066940 0.774226 1.826208 2.525446 2.559313 1.773777 1.352475 0.952660
0.000000 0.000000 0.000000 0.000000 0.000000 0.931677 3.397423 4.349411 3.765190 2.516104 1.511593 0.918158 0.546332
0.000000 0.000000 0.000000 0.000000 0.326391 2.542140 5.059864 5.222032 4.023765 2.118912 1.058440 0.456364 0.301259
0.000000 0.000000 0.000000 0.259588 1.864319 4.494975 6.515113 5.996450 3.954437 1.832930 0.834225 0.066681 0.000000
0.000000 0.245572 0.851247 3.091747 6.132781 7.697814 7.147777 4.197971 1.382516 0.796165 0.281380 0.000000 0.000000
0.000000 0.371527 1.319997 3.360493 6.580492 7.354084 6.477602 3.853040 1.312525 0.548228 0.000000 0.000000 0.000000
0.000000 0.522052 1.963016 4.443875 6.876348 7.118092 5.629769 2.792776 0.982404 0.266616 0.000000 0.000000 0.000000
0.000000 0.626237 2.583349 5.868901 7.300200 6.753520 4.809739 1.945015 0.614516 0.067098 0.000000 0.000000 0.000000
0.000000 0.767984 2.968552 6.007343 7.157591 6.111805 3.700739 0.794576 0.067825 0.000000 0.000000 0.000000 0.000000
0.068166 0.564575 2.939728 5.460805 6.655504 5.587994 2.461512 0.540690 0.000000 0.000000 0.000000 0.000000 0.000000
0.084162 0.398764 1.911274 4.314463 5.591860 4.715374 2.242816 0.535967 0.000000 0.000000 0.000000 0.000000 0.000000
0.000000 0.252329 0.688602 1.962375 3.336824 2.973495 1.505197 0.488968 0.000000 0.000000 0.000000 0.000000 0.000000
0.000000 0.066206 0.060454 1.187372 2.688198 2.492643 1.070868 0.161180 0.000000 0.000000 0.000000 0.000000 0.000000
0.000000 0.000000 0.000000 0.281707 1.095633 1.386011 0.816053 0.135497 0.000000 0.000000 0.000000 0.000000 0.000000
0.000000 0.000000 0.000000 0.065477 0.282377 0.335432 0.073636 0.000000 0.000000 0.000000 0.000000 0.000000 0.000000
