0.000000 0.000000 0.000000 0.000000 0.115912 0.146212 0.000000 0.000000 0.000000 0.000000 0.000000 0.000000 0.000000
0.000000 0.000000 0.067600 0.282911 0.425462 0.462645 0.396323 0.098092 0.083995 0.000000 0.000000 0.000000 0.000000
0.061735 0.078431 0.218997 0.410013 0.695606 1.004246 0.898975 0.690992 0.475248 0.202540 0.130846 0.000000 0.000000
0.152056 0.216797 0.408136 0.475025 0.908412 1.611620 1.808567 1.753926 1.532579 1.140520 0.575576 0.072806 0.125110
0.084468 0.217552 0.358104 0.632906 1.151120 1.896314 2.361832 2.708362 2.554995 2.220872 1.619161 0.494786 0.149367
0.076463 0.269069 0.535068 0.757156 1.263417 1.329433 2.031635 2.570338 3.114404 2.980101 2.065015 0.584839 0.114056
0.111939 0.219783 0.550357 0.766829 0.790547 0.715856 1.256964 2.244611 2.732399 2.551075 0.973030 0.195662 0.000000
0.059701 0.207335 0.452982 0.476869 0.361618 0.451883 0.552671 1.585500 1.967990 1.244306 0.429165 0.000000 0.000000
0.000000 0.059649 0.160621 0.229874 0.176657 0.058000 0.224226 0.392195 0.481823 0.214310 0.062261 0.000000 0.000000
0.000000 0.000000 0.000000 0.000000 0.000000 0.000000 0.055909 0.056042 0.056778 0.000000 0.000000 0.000000 0.000000
