0.000000 0.000000 0.000000 0.000000 0.000000 0.000000 0.000000 0.000000 0.000000 0.000000 0.061580 0.061890 0.000000 0.000000 0.000000 0.000000 0.000000 0.000000 0.000000 0.000000 0.000000
0.000000 0.000000 0.000000 0.000000 0.000000 0.000000 0.000000 0.000000 14.325667 16.726685 16.602932 15.611514 14.420915 0.058721 0.000000 0.059026 0.000000 0.000000 0.000000 0.000000 0.000000
0.000000 0.000000 0.071396 0.124161 0.059074 0.000000 0.000000 0.000000 0.000000 19.056848 19.963273 20.050542 20.125374 19.990419 19.251154 17.816700 0.000000 0.000000 0.000000 0.000000 0.000000
0.000000 0.062089 0.256271 0.452855 12.008695 13.815033 0.063835 0.000000 0.000000 0.123349 19.855358 20.059254 20.599448 19.747987 17.784256 0.058472 0.000000 0.000000 0.000000 0.000000 0.000000
0.131149 0.427045 10.637122 13.700890 16.487481 17.498103 18.711837 19.367910 19.560498 19.656298 19.034519 17.645695 17.410716 0.059720 0.000000 0.000000 0.000000 0.000000 0.000000 0.000000 0.000000
0.386943 3.057010 6.098693 12.328852 15.383888 16.793649 17.909454 18.442047 18.158936 17.823639 15.781174 0.125138 0.057457 0.121541 0.000000 0.000000 0.000000 0.000000 0.000000 0.000000 0.000000
0.296714 0.748660 0.720466 2.300646 7.200187 10.598714 12.105335 14.490151 14.466097 13.957183 12.814015 1.103596 0.714966 0.118019 0.070171 0.066271 0.121802 0.127294 0.000000 0.000000 0.000000
0.000000 0.355474 1.041682 6.149700 10.652285 13.923450 15.301256 15.804523 16.067602 15.942592 17.313900 18.158185 18.349379 18.046511 16.518722 14.443913 12.548509 0.376415 0.665157 0.184631 0.065464
0.000000 0.000000 0.586758 8.139576 9.850221 11.696970 12.510974 12.768511 12.117548 12.960625 15.677217 17.117046 17.700242 17.682083 17.441427 17.115596 16.365151 14.791947 12.803805 0.070585 0.061651
0.000000 0.000000 0.208370 0.196980 0.442819 0.178575 0.180720 0.125608 0.121346 0.125546 14.084239 15.261204 15.267734 15.247093 15.712442 15.789129 13.975865 11.600942 0.119208 0.059396 0.000000
0.000000 0.000000 0.000000 0.000000 0.000000 0.000000 0.069739 0.127502 12.100634 12.852262 14.147541 14.302696 13.777559 0.380394 0.313745 0.062233 0.058984 0.000000 0.000000 0.000000 0.000000
0.000000 0.000000 0.000000 0.000000 0.000000 0.000000 3.353975 12.107579 13.145634 12.872415 12.996571 12.599768 10.389073 0.303639 0.066196 0.000000 0.000000 0.000000 0.000000 0.000000 0.000000
0.000000 0.000000 0.000000 0.000000 0.000000 0.000000 0.285257 0.506019 12.103873 1.461706 0.181597 0.117430 0.000000 0.058844 0.000000 0.000000 0.000000 0.000000 0.000000 0.000000 0.000000
0.000000 0.000000 0.000000 0.000000 0.000000 0.000000 0.000000 0.000000 0.126596 0.062374 0.000000 0.000000 0.000000 0.000000 0.000000 0.000000 0.000000 0.000000 0.000000 0.000000 0.000000
