0.063428 0.145922 0.063123 0.058378 0.000000 0.000000 0.000000 0.000000 0.000000 0.000000 0.000000 0.000000 0.000000 0.000000 0.000000 0.000000 0.000000 0.000000 0.000000 0.000000 0.000000 0.000000 0.000000 0.000000 0.000000 0.000000 0.000000 0.000000 0.000000 0.000000 0.000000 0.000000 0.000000 0.000000 0.000000 0.000000 0.000000 0.000000 0.000000 0.000000 0.000000 0.000000 0.000000 0.000000 0.000000 0.000000 0.000000
0.069233 0.222803 0.202046 0.058534 0.000000 0.000000 0.000000 0.000000 0.000000 0.000000 0.000000 0.000000 0.000000 0.000000 0.000000 0.000000 0.000000 0.000000 0.000000 0.000000 0.000000 0.000000 0.000000 0.000000 0.000000 0.000000 0.000000 0.000000 0.000000 0.000000 0.000000 0.000000 0.000000 0.000000 0.000000 0.000000 0.000000 0.000000 0.000000 0.000000 0.000000 0.000000 0.000000 0.000000 0.000000 0.000000 0.000000
0.185981 0.321360 0.312804 0.119332 0.000000 0.000000 0.074632 0.078286 0.069495 0.000000 0.000000 0.000000 0.000000 0.000000 0.000000 0.000000 0.000000 0.000000 0.000000 0.000000 0.000000 0.000000 0.000000 0.000000 0.000000 0.000000 0.000000 0.000000 0.000000 0.000000 0.000000 0.000000 0.000000 0.000000 0.000000 0.000000 0.000000 0.000000 0.000000 0.000000 0.000000 0.000000 0.000000 0.000000 0.000000 0.000000 0.000000
0.211891 0.337972 0.348324 0.286734 0.207508 0.206291 0.316572 0.152310 0.150552 0.068135 0.064274 0.000000 0.000000 0.000000 0.000000 0.000000 0.000000 0.000000 0.000000 0.000000 0.000000 0.000000 0.000000 0.000000 0.000000 0.000000 0.000000 0.000000 0.000000 0.000000 0.000000 0.000000 0.000000 0.000000 0.000000 0.000000 0.000000 0.000000 0.000000 0.000000 0.000000 0.000000 0.000000 0.000000 0.000000 0.000000 0.000000
0.194915 0.243433 0.319872 0.286597 0.271489 0.305497 0.289926 0.257590 0.202538 0.129898 0.071315 0.058527 0.000000 0.000000 0.000000 0.000000 0.000000 0.000000 0.000000 0.000000 0.000000 0.000000 0.000000 0.000000 0.000000 0.000000 0.000000 0.000000 0.000000 0.000000 0.000000 0.000000 0.000000 0.000000 0.000000 0.000000 0.000000 0.000000 0.000000 0.000000 0.000000 0.000000 0.000000 0.000000 0.000000 0.000000 0.000000
0.057785 0.140123 0.284990 0.222044 0.253189 0.288142 0.157100 0.353777 0.251970 0.455034 0.278143 0.139409 0.063935 0.000000 0.000000 0.000000 0.000000 0.000000 0.000000 0.000000 0.000000 0.000000 0.000000 0.000000 0.000000 0.000000 0.000000 0.000000 0.000000 0.000000 0.000000 0.000000 0.000000 0.000000 0.000000 0.000000 0.000000 0.000000 0.000000 0.000000 0.000000 0.000000 0.000000 0.000000 0.000000 0.000000 0.000000
0.055803 0.075765 0.143824 0.187123 0.198460 0.258456 0.192285 0.176889 0.271391 0.437937 0.490417 0.470465 0.267796 0.082547 0.119346 0.000000 0.000000 0.000000 0.000000 0.000000 0.000000 0.000000 0.000000 0.000000 0.000000 0.000000 0.000000 0.000000 0.000000 0.000000 0.000000 0.000000 0.000000 0.000000 0.000000 0.000000 0.000000 0.000000 0.000000 0.000000 0.000000 0.000000 0.000000 0.000000 0.000000 0.000000 0.000000
0.000000 0.123865 0.143734 0.205001 0.293723 0.344299 0.400300 0.361418 0.567922 0.587467 0.687887 1.070461 0.863025 0.689404 0.401667 0.128631 0.000000 0.000000 0.000000 0.000000 0.000000 0.000000 0.000000 0.000000 0.000000 0.000000 0.000000 0.000000 0.000000 0.000000 0.000000 0.000000 0.000000 0.000000 0.000000 0.000000 0.000000 0.000000 0.000000 0.000000 0.000000 0.000000 0.000000 0.000000 0.000000 0.000000 0.000000
0.000000 0.059419 0.130534 0.146984 0.237720 0.247324 0.446192 0.840337 1.133845 0.848835 0.913002 1.058992 1.058797 0.858841 0.651184 0.354173 0.183138 0.056337 0.330397 0.227998 0.067273 0.074498 0.000000 0.083880 0.070766 0.000000 0.000000 0.000000 0.000000 0.000000 0.000000 0.000000 0.000000 0.000000 0.000000 0.000000 0.000000 0.000000 0.000000 0.000000 0.000000 0.000000 0.000000 0.000000 0.000000 0.000000 0.000000
0.129908 0.203543 0.373907 0.278509 0.507161 0.421315 0.303753 0.881708 1.219094 1.013857 1.066369 1.221793 1.224668 1.349611 1.222674 0.674059 0.797053 0.728151 0.580411 0.321189 0.059733 0.127493 0.080780 0.082472 0.130482 0.265237 0.116487 0.000000 0.000000 0.000000 0.000000 0.000000 0.000000 0.000000 0.000000 0.000000 0.000000 0.000000 0.000000 0.000000 0.000000 0.000000 0.000000 0.000000 0.000000 0.000000 0.000000
0.061284 0.212595 0.211186 0.470413 0.515009 0.608809 0.551591 0.631064 0.855299 1.051986 1.120173 1.389651 1.369108 1.621816 1.532900 1.290854 1.154019 1.070753 0.866728 0.392390 0.329085 0.234023 0.145107 0.139513 0.348288 0.348781 0.127629 0.000000 0.000000 0.000000 0.000000 0.000000 0.000000 0.000000 0.000000 0.000000 0.000000 0.000000 0.000000 0.000000 0.000000 0.000000 0.000000 0.000000 0.000000 0.000000 0.000000
0.000000 0.089648 0.158037 0.224809 0.445032 0.600360 0.864924 0.623222 0.609833 0.802620 0.976561 1.509624 1.617621 2.077972 1.751223 1.475670 1.044189 0.831846 1.071171 0.480713 0.220091 0.225377 0.194212 0.199030 0.304977 0.359946 0.124395 0.000000 0.000000 0.000000 0.000000 0.000000 0.000000 0.000000 0.000000 0.000000 0.000000 0.000000 0.000000 0.000000 0.000000 0.000000 0.000000 0.000000 0.000000 0.000000 0.000000
0.000000 0.080379 0.143144 0.142135 0.244822 0.688629 1.081297 0.992557 0.586551 0.858574 1.207572 1.360536 1.606417 2.283344 1.580081 1.170631 1.086939 0.936246 1.077622 0.675234 0.255291 0.146036 0.138089 0.059929 0.275134 0.346297 0.116264 0.000000 0.000000 0.000000 0.000000 0.000000 0.000000 0.000000 0.000000 0.000000 0.000000 0.000000 0.000000 0.000000 0.000000 0.000000 0.000000 0.000000 0.000000 0.000000 0.000000
0.000000 0.000000 0.000000 0.000000 0.135584 0.599450 0.903447 0.994184 1.130881 1.090675 1.347310 1.335342 1.713174 2.240507 1.764161 1.462651 1.167731 1.466666 1.440203 0.889796 0.488669 0.202938 0.056810 0.000000 0.125725 0.095639 0.079897 0.000000 0.000000 0.000000 0.000000 0.000000 0.000000 0.000000 0.000000 0.000000 0.000000 0.000000 0.000000 0.000000 0.000000 0.000000 0.000000 0.000000 0.000000 0.000000 0.000000
0.000000 0.000000 0.000000 0.000000 0.000000 0.303367 0.769506 1.371090 1.984398 1.940695 2.190629 2.106978 2.469364 2.879435 2.772845 2.549324 2.414038 2.096711 1.399177 0.963175 0.911819 0.618356 0.386680 0.062235 0.063989 0.055905 0.000000 0.000000 0.000000 0.000000 0.000000 0.000000 0.000000 0.000000 0.000000 0.000000 0.000000 0.000000 0.000000 0.000000 0.000000 0.000000 0.000000 0.000000 0.000000 0.000000 0.000000
0.000000 0.000000 0.000000 0.000000 0.000000 0.094312 0.332341 1.264204 2.315708 2.295662 2.154700 2.659485 3.043402 3.221711 3.322162 3.196442 3.144026 2.445799 1.099398 1.098047 1.058036 0.974935 0.581713 0.385683 0.206183 0.128169 0.061818 0.000000 0.000000 0.000000 0.000000 0.000000 0.000000 0.000000 0.000000 0.000000 0.000000 0.000000 0.000000 0.000000 0.000000 0.000000 0.000000 0.000000 0.000000 0.000000 0.000000
0.000000 0.000000 0.000000 0.000000 0.000000 0.000000 0.266185 1.746872 2.143617 2.047089 2.110726 2.833012 3.401788 3.696366 3.855545 3.692430 3.535257 3.001730 1.758192 1.499128 1.206036 0.869743 0.788628 0.487755 0.280852 0.197548 0.066358 0.000000 0.000000 0.000000 0.000000 0.000000 0.000000 0.000000 0.000000 0.000000 0.000000 0.000000 0.000000 0.000000 0.000000 0.000000 0.000000 0.000000 0.000000 0.000000 0.000000
0.000000 0.000000 0.000000 0.000000 0.000000 0.000000 0.410752 1.262955 1.666037 1.796776 2.095510 2.508022 3.179753 3.389855 3.716312 3.875643 3.831036 3.416750 2.272838 1.631982 1.389716 0.943334 0.626545 0.554129 0.311924 0.140479 0.056793 0.059186 0.122676 0.000000 0.000000 0.000000 0.000000 0.000000 0.000000 0.000000 0.000000 0.000000 0.000000 0.000000 0.000000 0.000000 0.000000 0.000000 0.000000 0.000000 0.000000
0.000000 0.000000 0.000000 0.000000 0.000000 0.000000 0.205336 0.463341 0.963419 1.029932 1.521110 2.047703 1.790008 2.645034 3.176748 3.718900 3.932022 3.180269 1.938321 1.447767 1.219110 0.732506 0.761425 0.667517 0.425595 0.327939 0.135931 0.134962 0.129715 0.118920 0.000000 0.000000 0.000000 0.000000 0.000000 0.000000 0.000000 0.000000 0.000000 0.000000 0.000000 0.000000 0.000000 0.000000 0.000000 0.000000 0.000000
0.000000 0.000000 0.000000 0.000000 0.000000 0.000000 0.000000 0.000000 0.331493 0.356769 0.783272 0.956383 1.339108 1.776512 2.207159 2.641451 3.303089 2.543682 1.757714 1.630120 1.224757 1.133336 0.970683 0.774683 0.453563 0.323074 0.448362 0.354446 0.202414 0.064413 0.000000 0.057222 0.076904 0.121086 0.000000 0.000000 0.000000 0.000000 0.000000 0.000000 0.000000 0.000000 0.000000 0.000000 0.000000 0.000000 0.000000
0.000000 0.000000 0.000000 0.000000 0.000000 0.000000 0.000000 0.000000 0.203547 0.477416 0.654077 0.865919 1.124084 1.334519 1.498956 1.664324 2.264988 2.264177 2.353620 2.456535 2.449308 1.923518 1.688934 1.336771 0.839909 0.544342 0.688325 0.864459 0.743153 0.371370 0.193928 0.136625 0.192038 0.218622 0.185954 0.000000 0.000000 0.000000 0.000000 0.000000 0.000000 0.000000 0.000000 0.000000 0.000000 0.000000 0.000000
0.000000 0.000000 0.000000 0.000000 0.000000 0.000000 0.000000 0.000000 0.068771 0.265600 0.353753 0.450683 0.573001 0.999845 1.350155 1.692485 1.847226 2.159181 2.683340 3.118300 3.043985 2.566142 2.041426 1.885527 1.888793 1.757966 1.230307 1.143139 0.786493 0.692937 0.432953 0.524619 0.562123 0.402348 0.129427 0.116636 0.000000 0.000000 0.000000 0.000000 0.000000 0.000000 0.000000 0.000000 0.000000 0.000000 0.000000
0.000000 0.000000 0.000000 0.000000 0.000000 0.000000 0.000000 0.000000 0.000000 0.000000 0.058876 0.239498 0.379238 0.753816 1.207962 1.860730 1.952959 1.950376 2.214380 2.966796 2.893804 2.711012 2.245303 2.186628 2.261626 2.039065 1.872033 1.375413 1.373226 1.408489 1.498714 1.226284 1.109652 0.745522 0.360157 0.220325 0.148235 0.121981 0.000000 0.000000 0.000000 0.000000 0.000000 0.000000 0.000000 0.000000 0.000000
0.000000 0.000000 0.000000 0.000000 0.000000 0.000000 0.000000 0.000000 0.000000 0.000000 0.000000 0.065667 0.244975 0.535940 1.085695 1.543394 1.611676 1.401999 1.384118 2.244848 2.619440 2.277176 2.018127 2.170180 2.393743 2.189710 1.907304 1.954797 2.182753 2.274637 2.214215 1.629940 1.345434 0.932151 0.637560 0.575879 0.502048 0.399530 0.055751 0.000000 0.000000 0.000000 0.000000 0.000000 0.000000 0.000000 0.000000
0.000000 0.000000 0.000000 0.000000 0.000000 0.000000 0.000000 0.000000 0.000000 0.000000 0.000000 0.000000 0.196969 0.434450 0.600456 0.812516 0.740224 0.777089 0.820283 1.473520 2.113636 2.105294 2.023470 2.131109 2.568121 2.451078 2.232760 2.260371 2.556321 2.730588 2.189998 2.020968 1.650696 1.416750 1.150009 1.048779 0.790984 0.464533 0.075617 0.000000 0.000000 0.000000 0.000000 0.000000 0.000000 0.000000 0.000000
0.000000 0.000000 0.000000 0.000000 0.000000 0.000000 0.000000 0.000000 0.000000 0.000000 0.000000 0.000000 0.064298 0.135823 0.186884 0.193746 0.213163 0.155167 0.261590 0.932179 1.000968 1.930666 1.823190 1.947601 2.001553 1.903943 1.544775 1.552141 1.703225 1.869008 1.643939 1.563003 1.556767 1.337262 1.166408 1.204650 0.726825 0.153375 0.131949 0.000000 0.000000 0.000000 0.000000 0.000000 0.000000 0.000000 0.000000
0.000000 0.000000 0.000000 0.000000 0.000000 0.000000 0.000000 0.000000 0.000000 0.000000 0.000000 0.000000 0.000000 0.055987 0.059062 0.000000 0.000000 0.000000 0.000000 0.377206 0.613085 0.796076 1.228873 0.997211 1.243988 1.320818 1.025808 0.718431 0.966180 1.160913 1.584052 1.675825 1.498100 1.208917 0.786931 0.691270 0.357113 0.210355 0.114749 0.056808 0.073762 0.079228 0.000000 0.000000 0.000000 0.000000 0.000000
0.000000 0.000000 0.000000 0.000000 0.000000 0.000000 0.000000 0.000000 0.000000 0.000000 0.000000 0.000000 0.000000 0.000000 0.000000 0.000000 0.000000 0.000000 0.000000 0.240515 0.346348 0.495988 0.624270 0.652269 1.246088 1.370298 1.203071 1.384815 1.851137 2.104093 1.905057 1.852894 1.899300 1.412672 0.910207 0.818183 0.542459 0.481467 0.193111 0.081448 0.143583 0.127834 0.065079 0.000000 0.000000 0.000000 0.000000
0.000000 0.000000 0.000000 0.000000 0.000000 0.000000 0.000000 0.000000 0.000000 0.000000 0.000000 0.000000 0.000000 0.000000 0.000000 0.000000 0.000000 0.000000 0.000000 0.125544 0.149461 0.352884 0.458988 0.210258 0.298668 0.707715 1.235689 2.256120 3.043586 3.071981 2.938741 2.568257 2.118304 2.120868 2.078563 1.307924 1.180081 0.874320 0.632529 0.414710 0.270674 0.299327 0.150554 0.139145 0.057496 0.000000 0.000000
0.000000 0.000000 0.000000 0.000000 0.000000 0.000000 0.000000 0.000000 0.000000 0.000000 0.000000 0.000000 0.000000 0.000000 0.000000 0.000000 0.000000 0.000000 0.000000 0.000000 0.117549 0.068382 0.000000 0.059927 0.081040 0.403092 0.823015 1.841175 3.023863 3.505707 3.714086 3.521759 3.474112 3.425153 3.263717 2.606823 2.080487 1.557381 1.243550 0.954090 0.587964 0.719053 0.693285 0.300216 0.278818 0.126641 0.000000
0.000000 0.000000 0.000000 0.000000 0.000000 0.000000 0.000000 0.000000 0.000000 0.000000 0.000000 0.000000 0.000000 0.000000 0.000000 0.000000 0.000000 0.000000 0.000000 0.000000 0.000000 0.000000 0.000000 0.000000 0.059280 0.139153 0.602265 1.508626 2.744541 3.624289 3.976292 3.931081 3.991248 3.976656 3.590818 3.025667 2.386385 1.951603 1.257660 0.971066 0.805921 0.744386 0.588412 0.473882 0.328081 0.131845 0.000000
0.000000 0.000000 0.000000 0.000000 0.000000 0.000000 0.000000 0.000000 0.000000 0.000000 0.000000 0.000000 0.000000 0.000000 0.000000 0.000000 0.000000 0.000000 0.000000 0.000000 0.000000 0.000000 0.000000 0.000000 0.000000 0.061122 0.474672 1.071565 1.765448 2.944786 3.565921 3.790223 3.900411 3.661251 3.514265 3.165865 2.208898 1.793106 1.308153 0.930720 0.689111 0.498263 0.362498 0.204114 0.177071 0.000000 0.000000
0.000000 0.000000 0.000000 0.000000 0.000000 0.000000 0.000000 0.000000 0.000000 0.000000 0.000000 0.000000 0.000000 0.000000 0.000000 0.000000 0.000000 0.000000 0.000000 0.000000 0.000000 0.000000 0.000000 0.000000 0.000000 0.000000 0.126532 0.405834 0.782174 1.455427 2.660254 2.987969 3.698523 4.061587 4.096471 3.942126 3.101278 1.851882 0.977806 0.501435 0.405345 0.388022 0.319054 0.125998 0.058149 0.000000 0.000000
0.000000 0.000000 0.000000 0.000000 0.000000 0.000000 0.000000 0.000000 0.000000 0.000000 0.000000 0.000000 0.000000 0.000000 0.000000 0.000000 0.000000 0.000000 0.000000 0.000000 0.000000 0.000000 0.000000 0.000000 0.000000 0.000000 0.000000 0.128345 0.371986 0.791647 1.739381 2.590212 3.240421 4.135688 4.645139 4.576921 3.828626 2.402527 0.941314 0.383698 0.174986 0.126459 0.191746 0.056631 0.000000 0.000000 0.000000
0.000000 0.000000 0.000000 0.000000 0.000000 0.000000 0.000000 0.000000 0.000000 0.000000 0.000000 0.000000 0.000000 0.000000 0.000000 0.000000 0.000000 0.000000 0.000000 0.000000 0.000000 0.000000 0.000000 0.000000 0.000000 0.000000 0.000000 0.000000 0.128513 0.264279 0.450646 1.275752 2.929839 4.175026 4.970897 5.019310 4.623557 3.391664 1.722520 0.400911 0.000000 0.000000 0.000000 0.000000 0.000000 0.000000 0.000000
0.000000 0.000000 0.000000 0.000000 0.000000 0.000000 0.000000 0.000000 0.000000 0.000000 0.000000 0.000000 0.000000 0.000000 0.000000 0.000000 0.000000 0.000000 0.000000 0.000000 0.000000 0.000000 0.000000 0.000000 0.000000 0.000000 0.000000 0.000000 0.000000 0.000000 0.064193 0.396010 2.163196 3.851243 4.819627 5.307171 5.280937 4.583571 3.048818 0.852351 0.069052 0.000000 0.000000 0.000000 0.000000 0.000000 0.000000
0.000000 0.000000 0.000000 0.000000 0.000000 0.000000 0.000000 0.000000 0.000000 0.000000 0.000000 0.000000 0.000000 0.000000 0.000000 0.000000 0.000000 0.000000 0.000000 0.000000 0.000000 0.000000 0.000000 0.000000 0.000000 0.000000 0.000000 0.000000 0.000000 0.000000 0.000000 0.195838 0.930878 2.345621 4.279401 5.291018 5.675239 5.304556 3.933844 1.721451 0.272581 0.066955 0.000000 0.000000 0.000000 0.000000 0.000000
0.000000 0.000000 0.000000 0.000000 0.000000 0.000000 0.000000 0.000000 0.000000 0.000000 0.000000 0.000000 0.000000 0.000000 0.000000 0.000000 0.000000 0.000000 0.000000 0.000000 0.000000 0.000000 0.000000 0.000000 0.000000 0.000000 0.000000 0.000000 0.000000 0.000000 0.000000 0.067373 0.321814 1.029039 2.937939 4.633377 5.486212 5.684137 4.797981 2.992387 0.615502 0.127277 0.000000 0.000000 0.000000 0.000000 0.000000
0.000000 0.000000 0.000000 0.000000 0.000000 0.000000 0.000000 0.000000 0.000000 0.000000 0.000000 0.000000 0.000000 0.000000 0.000000 0.000000 0.000000 0.000000 0.000000 0.000000 0.000000 0.000000 0.000000 0.000000 0.000000 0.000000 0.000000 0.000000 0.000000 0.000000 0.000000 0.000000 0.256817 0.330935 1.191198 2.836378 4.605009 5.388184 4.951971 3.589937 2.023567 0.571735 0.062094 0.000000 0.000000 0.000000 0.000000
0.000000 0.000000 0.000000 0.000000 0.000000 0.000000 0.000000 0.000000 0.000000 0.000000 0.000000 0.000000 0.000000 0.000000 0.000000 0.000000 0.000000 0.000000 0.000000 0.000000 0.000000 0.000000 0.000000 0.000000 0.000000 0.000000 0.000000 0.000000 0.000000 0.000000 0.000000 0.000000 0.000000 0.251009 0.740511 2.235971 4.151352 4.876066 4.942231 4.426682 2.757848 1.126028 0.119565 0.000000 0.000000 0.000000 0.000000
0.000000 0.000000 0.000000 0.000000 0.000000 0.000000 0.000000 0.000000 0.000000 0.000000 0.000000 0.000000 0.000000 0.000000 0.000000 0.000000 0.000000 0.000000 0.000000 0.000000 0.000000 0.000000 0.000000 0.000000 0.000000 0.000000 0.000000 0.000000 0.000000 0.000000 0.000000 0.000000 0.000000 0.138444 0.711135 2.108379 3.496637 4.299451 4.650239 4.431400 3.447792 1.607302 0.437830 0.137312 0.080016 0.063061 0.000000
0.000000 0.000000 0.000000 0.000000 0.000000 0.000000 0.000000 0.000000 0.000000 0.000000 0.000000 0.000000 0.000000 0.000000 0.000000 0.000000 0.000000 0.000000 0.000000 0.000000 0.000000 0.000000 0.000000 0.000000 0.000000 0.000000 0.000000 0.000000 0.000000 0.000000 0.000000 0.000000 0.000000 0.066485 0.757405 1.540934 2.953523 4.331833 4.674376 4.400180 3.783090 2.757634 1.538317 0.421397 0.197503 0.073529 0.000000
0.000000 0.000000 0.000000 0.000000 0.000000 0.000000 0.000000 0.000000 0.000000 0.000000 0.000000 0.000000 0.000000 0.000000 0.000000 0.000000 0.000000 0.000000 0.000000 0.000000 0.000000 0.000000 0.000000 0.000000 0.000000 0.000000 0.000000 0.000000 0.000000 0.000000 0.000000 0.000000 0.000000 0.000000 0.485362 1.255228 2.578233 3.884070 4.472267 4.405781 3.883905 3.542320 2.687072 1.297723 0.211561 0.185849 0.000000
0.000000 0.000000 0.000000 0.000000 0.000000 0.000000 0.000000 0.000000 0.000000 0.000000 0.000000 0.000000 0.000000 0.000000 0.000000 0.000000 0.000000 0.000000 0.000000 0.000000 0.000000 0.000000 0.000000 0.000000 0.000000 0.000000 0.000000 0.000000 0.000000 0.000000 0.000000 0.000000 0.000000 0.197365 0.461490 1.011994 2.118818 2.990190 3.232987 3.524606 3.313743 3.494183 2.993085 1.854747 0.591601 0.380889 0.115483
0.000000 0.000000 0.000000 0.000000 0.000000 0.000000 0.000000 0.000000 0.000000 0.000000 0.000000 0.000000 0.000000 0.000000 0.000000 0.000000 0.000000 0.000000 0.000000 0.000000 0.000000 0.000000 0.000000 0.000000 0.000000 0.000000 0.000000 0.000000 0.000000 0.000000 0.000000 0.000000 0.000000 0.205564 0.457970 0.601944 1.260010 1.886822 2.016758 2.236153 2.352326 2.547036 2.602227 2.006921 0.725535 0.337801 0.060403
0.000000 0.000000 0.000000 0.000000 0.000000 0.000000 0.000000 0.000000 0.000000 0.000000 0.000000 0.000000 0.000000 0.000000 0.000000 0.000000 0.000000 0.000000 0.000000 0.000000 0.000000 0.000000 0.000000 0.000000 0.000000 0.000000 0.000000 0.000000 0.000000 0.000000 0.000000 0.000000 0.000000 0.057997 0.131372 0.252924 0.364244 0.887159 1.001298 1.241155 1.601491 1.368045 1.674464 1.314550 0.526873 0.065873 0.000000
0.000000 0.000000 0.000000 0.000000 0.000000 0.000000 0.000000 0.000000 0.000000 0.000000 0.000000 0.000000 0.000000 0.000000 0.000000 0.000000 0.000000 0.000000 0.000000 0.000000 0.000000 0.000000 0.000000 0.000000 0.000000 0.000000 0.000000 0.000000 0.000000 0.000000 0.000000 0.000000 0.000000 0.000000 0.000000 0.060571 0.275406 0.331241 0.512054 0.515568 0.526788 0.629265 0.885360 0.435768 0.272378 0.000000 0.000000
0.000000 0.000000 0.000000 0.000000 0.000000 0.000000 0.000000 0.000000 0.000000 0.000000 0.000000 0.000000 0.000000 0.000000 0.000000 0.000000 0.000000 0.000000 0.000000 0.000000 0.000000 0.000000 0.000000 0.000000 0.000000 0.000000 0.000000 0.000000 0.000000 0.000000 0.000000 0.000000 0.000000 0.000000 0.000000 0.073873 0.132606 0.188940 0.117308 0.056695 0.158268 0.169753 0.241867 0.155308 0.000000 0.000000 0.000000
0.000000 0.000000 0.000000 0.000000 0.000000 0.000000 0.000000 0.000000 0.000000 0.000000 0.000000 0.000000 0.000000 0.000000 0.000000 0.000000 0.000000 0.000000 0.000000 0.000000 0.000000 0.000000 0.000000 0.000000 0.000000 0.000000 0.000000 0.000000 0.000000 0.000000 0.000000 0.000000 0.000000 0.000000 0.000000 0.000000 0.060230 0.063851 0.000000 0.000000 0.065006 0.134823 0.138108 0.079942 0.000000 0.000000 0.000000
