0.000000 0.000000 0.000000 0.000000 0.000000 0.000000 0.000000 0.000000 0.000000 0.121027 0.071453 0.057656 0.000000 0.000000 0.000000 0.000000 0.000000 0.000000 0.000000
0.000000 0.000000 0.000000 0.000000 0.000000 0.000000 0.000000 0.000000 0.060360 0.155179 0.143516 0.064265 0.000000 0.000000 0.000000 0.000000 0.000000 0.000000 0.000000
0.000000 0.000000 0.000000 0.000000 0.000000 0.000000 0.000000 0.061078 0.347527 0.468658 0.377619 0.227701 0.077262 0.000000 0.000000 0.000000 0.000000 0.000000 0.000000
0.000000 0.000000 0.059984 0.135744 0.136597 0.086964 0.128629 0.244046 0.351914 0.513303 0.556239 0.597465 0.338140 0.000000 0.000000 0.000000 0.000000 0.000000 0.000000
0.000000 0.000000 0.186817 0.148372 0.224348 0.231294 0.190446 0.206375 0.372396 0.500647 0.587377 0.616597 0.251573 0.000000 0.000000 0.000000 0.000000 0.000000 0.000000
0.000000 0.000000 0.133777 0.328830 0.371535 0.512091 0.363903 0.303501 0.322938 0.426738 0.282463 0.278436 0.217485 0.000000 0.000000 0.000000 0.000000 0.000000 0.000000
0.000000 0.062517 0.200064 0.315142 0.651658 0.668936 0.428678 0.403404 0.272074 0.000000 0.000000 0.000000 0.074650 0.000000 0.000000 0.000000 0.000000 0.000000 0.000000
0.065132 0.204643 0.630890 1.010784 0.989562 0.803929 0.673537 0.328443 0.130209 0.000000 0.000000 0.000000 0.000000 0.000000 0.000000 0.000000 0.000000 0.000000 0.000000
0.159678 0.697507 1.651365 1.481781 1.302699 0.768301 0.463208 0.141374 0.130038 0.000000 0.000000 0.000000 0.000000 0.000000 0.000000 0.000000 0.000000 0.000000 0.000000
0.201839 1.032705 1.693785 1.609917 1.521668 0.696123 0.358019 0.179320 0.065716 0.000000 0.000000 0.000000 0.000000 0.000000 0.000000 0.000000 0.000000 0.000000 0.000000
0.122479 0.714558 1.383295 1.724148 1.848688 1.488715 0.696365 0.344221 0.124405 0.060853 0.000000 0.000000 0.000000 0.000000 0.000000 0.000000 0.000000 0.000000 0.000000
0.000000 0.687914 1.643445 1.947964 2.209009 2.176023 0.997404 0.917560 0.955406 0.569620 0.402752 0.245860 0.387889 0.202482 0.060871 0.069590 0.067601 0.000000 0.000000
0.000000 0.385225 1.377144 1.869620 2.088578 4.956743 5.425593 4.522951 3.616801 4.120879 4.045086 3.151428 1.125825 0.765226 0.442549 0.355306 0.396766 0.348225 0.000000
0.000000 0.208401 0.723383 1.475016 2.730045 5.601523 6.571739 6.422751 5.516670 5.452359 5.353200 5.488601 4.005395 1.889141 1.971403 1.261411 0.904026 0.778531 0.000000
0.058290 0.322472 0.442741 1.512661 3.743859 5.204478 6.580770 6.503949 4.126362 3.974018 4.804484 5.777411 5.802038 4.917163 4.303835 2.269689 1.170149 0.989821 0.000000
0.142095 0.274222 0.424291 1.055668 2.042089 2.215876 2.169999 1.771442 2.334019 2.089797 3.113307 5.138486 6.521885 5.296738 4.015533 1.603208 0.995000 0.680185 0.096431
0.146244 0.284464 0.217837 0.465241 0.884654 1.217046 1.585449 1.661357 1.570403 1.362514 1.771158 2.247974 1.500377 2.241074 1.608947 0.832419 0.575779 0.310693 0.109493
0.071290 0.138106 0.135616 0.181513 0.405341 0.746694 1.558550 1.478348 1.274665 0.672157 0.725708 0.764634 0.579135 0.466019 0.694802 0.569842 0.289070 0.207000 0.086115
0.000000 0.000000 0.000000 0.122838 0.296722 0.658634 1.345654 1.275715 0.668310 0.300254 0.173845 0.000000 0.127352 0.067790 0.319045 0.407019 0.267472 0.122602 0.000000
0.000000 0.000000 0.000000 0.000000 0.074659 0.463047 0.911506 0.570688 0.304367 0.102090 0.086858 0.000000 0.000000 0.000000 0.185440 0.330060 0.264034 0.124387 0.000000
0.000000 0.000000 0.000000 0.000000 0.000000 0.069796 0.189059 0.153864 0.157909 0.081476 0.000000 0.000000 0.000000 0.062841 0.206687 0.424499 0.396064 0.181010 0.000000
0.000000 0.000000 0.000000 0.000000 0.000000 0.000000 0.000000 0.000000 0.000000 0.000000 0.000000 0.000000 0.000000 0.073622 0.141781 0.134847 0.000000 0.057314 0.000000
0.000000 0.000000 0.000000 0.000000 0.000000 0.000000 0.000000 0.000000 0.000000 0.000000 0.000000 0.000000 0.000000 0.062012 0.075114 0.061681 0.000000 0.000000 0.000000
