0.000000 0.000000 0.000000 0.062066 0.060467 0.055708 0.000000 0.000000 0.000000 0.000000 0.000000
0.000000 0.192226 0.587580 0.801513 0.583692 0.368801 0.253195 0.120036 0.067137 0.059508 0.000000
0.116061 0.819833 2.104442 2.948186 2.634020 1.209039 0.560840 0.504276 0.265373 0.143687 0.000000
0.113818 2.051278 4.405791 6.779697 7.122526 6.368494 2.373914 1.774448 0.854354 0.427801 0.066693
0.062519 2.124164 5.444317 9.280389 10.198599 9.413299 7.199633 2.619315 0.678934 0.422247 0.056837
0.305251 1.199348 3.836395 8.627258 10.258302 8.914118 4.706235 1.356346 0.633825 0.337962 0.000000
0.242864 0.813316 2.358729 3.878325 5.511240 4.126942 2.079679 1.022027 0.479373 0.118033 0.000000
0.000000 0.204832 0.679019 0.993543 1.218861 1.425989 0.985650 0.588825 0.318212 0.000000 0.000000
0.000000 0.000000 0.066323 0.130408 0.066353 0.184330 0.200079 0.392836 0.292408 0.070287 0.000000
0.000000 0.000000 0.000000 0.000000 0.000000 0.056846 0.065537 0.134018 0.132786 0.000000 0.000000
