0.000000 0.000000 0.000000 0.000000 0.000000 0.057456 0.137592 0.058994 0.000000 0.000000 0.000000 0.000000 0.000000
0.000000 0.000000 0.000000 0.000000 0.000000 0.121657 0.154260 0.122244 0.000000 0.000000 0.000000 0.000000 0.000000
0.000000 0.000000 0.000000 0.000000 0.065634 0.183784 0.169411 0.157945 0.000000 0.000000 0.000000 0.000000 0.000000
0.000000 0.000000 0.132577 0.303678 0.343488 0.125760 0.149216 0.174869 0.083376 0.000000 0.000000 0.000000 0.000000
0.000000 0.073970 0.213364 0.444556 0.798724 0.758442 0.346241 0.255762 0.151946 0.000000 0.000000 0.000000 0.000000
0.000000 0.144525 0.351619 0.754977 0.943622 1.041751 1.018755 0.654897 0.130230 0.000000 0.000000 0.000000 0.000000
0.000000 0.143255 0.275665 0.385182 0.919510 1.115330 1.305845 1.089880 0.506494 0.061169 0.000000 0.000000 0.000000
0.000000 0.135818 0.256611 0.474408 1.022283 1.152742 1.132958 1.285121 0.865147 0.292240 0.062995 0.000000 0.000000
0.121055 0.376927 0.719489 0.996812 1.340847 2.018463 3.887070 4.589955 3.729180 2.368419 0.895901 0.134725 0.000000
0.209124 0.434495 0.933186 1.115051 1.866263 3.242173 4.708604 4.947967 4.019094 2.573122 1.270905 0.518149 0.000000
0.073229 0.243163 0.437348 0.464956 2.068964 3.232332 4.116906 4.231974 3.448620 1.835428 1.162171 0.414804 0.000000
0.000000 0.151454 0.143151 0.339413 1.596862 2.578480 3.342266 3.068677 2.550015 1.461770 0.670869 0.253425 0.000000
0.000000 0.000000 0.069066 0.375974 1.586585 1.957722 2.324472 2.628739 2.485873 1.743064 0.720115 0.000000 0.000000
0.000000 0.000000 0.000000 0.076543 0.523057 0.911134 1.231427 1.538994 1.413587 0.767300 0.526794 0.000000 0.000000
0.000000 0.000000 0.000000 0.000000 0.355239 0.758007 0.693817 1.134765 0.965977 0.863737 0.126025 0.064104 0.000000
0.000000 0.000000 0.000000 0.000000 0.228106 0.439528 0.449520 0.805652 0.801777 0.608817 0.118511 0.064505 0.066287
0.000000 0.000000 0.000000 0.000000 0.087060 0.071653 0.198776 0.295531 0.353313 0.222294 0.194446 0.181885 0.000000
0.000000 0.000000 0.000000 0.000000 0.000000 0.000000 0.000000 0.000000 0.000000 0.148627 0.236676 0.157896 0.000000
0.000000 0.000000 0.000000 0.000000 0.000000 0.000000 0.000000 0.000000 0.000000 0.061100 0.211471 0.061436 0.000000
