0.000000 0.000000 0.000000 0.000000 0.000000 0.000000 0.000000 0.000000 0.000000 0.000000 0.294476 0.302381 0.073893 0.066398 0.069944 0.000000 0.000000 0.000000 0.000000 0.000000 0.000000 0.000000 0.000000 0.000000 0.000000 0.000000 0.000000 0.000000
0.000000 0.000000 0.000000 0.000000 0.000000 0.000000 0.000000 0.000000 0.063878 0.625033 1.143014 1.696771 1.602093 0.499722 0.129152 0.000000 0.000000 0.000000 0.000000 0.000000 0.000000 0.000000 0.000000 0.000000 0.000000 0.000000 0.000000 0.000000
0.000000 0.000000 0.000000 0.000000 0.000000 0.000000 0.131879 0.526454 0.693162 1.263265 2.339670 3.437395 3.055837 1.455212 0.365219 0.118522 0.000000 0.000000 0.000000 0.000000 0.000000 0.000000 0.000000 0.000000 0.000000 0.000000 0.000000 0.000000
0.000000 0.000000 0.000000 0.000000 0.000000 0.000000 0.738347 1.503597 1.819432 2.189849 3.239535 4.537953 4.024735 2.904733 1.573218 0.375006 0.069035 0.000000 0.000000 0.000000 0.000000 0.000000 0.000000 0.000000 0.000000 0.000000 0.000000 0.000000
0.000000 0.000000 0.000000 0.000000 0.070158 0.561879 1.524987 3.110164 3.536953 3.103121 4.181745 5.660111 5.800786 4.892797 2.577570 1.031257 0.297579 0.202444 0.071744 0.124586 0.206940 0.075875 0.138458 0.130063 0.057706 0.000000 0.000000 0.000000
0.000000 0.000000 0.000000 0.130339 0.295409 1.290172 2.572995 4.591322 5.930499 6.224600 6.575068 7.242766 7.746813 6.953868 4.471755 2.831965 1.758005 1.124955 1.292749 1.291859 0.625585 0.604384 0.713496 1.208568 0.952424 0.377077 0.000000 0.000000
0.000000 0.000000 0.064961 0.344169 1.592123 3.408043 4.427547 5.915418 7.082037 8.022256 8.954042 9.866054 10.174804 9.609955 8.457379 5.729856 3.739623 3.614076 3.996701 4.409993 3.787805 3.116954 3.480278 4.208737 3.240263 1.500246 0.381444 0.059029
0.000000 0.000000 0.124418 0.979586 3.562786 5.975790 7.458106 8.324161 9.232871 10.155074 10.834341 12.317275 13.070673 12.380422 11.436308 9.831701 8.364566 8.281874 8.661122 9.105985 9.436970 8.571292 8.355772 7.694291 6.016565 3.607041 0.875219 0.119921
0.000000 0.059840 0.457052 2.681737 6.590941 8.737646 9.516634 10.675394 11.603876 12.320236 13.075243 14.018622 15.082531 14.964642 13.863297 12.335723 11.375351 11.630164 12.601572 13.257230 13.596055 12.709241 11.719940 10.250248 7.835490 5.589333 2.093954 0.125192
0.066585 0.207173 1.681612 6.606190 9.878063 10.548182 11.581084 12.704810 13.589460 14.810297 15.937853 16.464625 17.177722 17.371144 16.389210 14.939185 13.547218 14.219581 15.687022 16.533103 16.242791 15.212275 14.065474 11.932004 9.023637 6.464683 3.184275 0.080545
0.116775 0.220899 3.202545 8.500554 10.849355 11.908025 12.392929 13.157972 14.233666 15.965276 17.396494 18.660450 18.922502 18.812711 18.163745 16.922528 15.695295 16.323275 17.466996 17.226984 16.571558 15.407963 13.810420 11.851570 9.403010 6.593748 2.682319 0.371613
0.075036 0.448934 3.172059 8.460978 10.914427 11.989644 12.383922 12.470313 13.321359 15.188992 17.256559 18.821058 19.304889 19.261767 18.869355 18.494154 17.993442 17.763075 17.426320 16.720773 15.977214 15.024251 13.558836 11.973446 9.620785 6.688054 2.098289 0.234464
0.133730 0.492550 3.511164 8.227400 10.296778 11.411628 11.703644 11.408486 11.862554 13.595932 15.553640 16.881210 17.737597 17.895706 17.797581 17.634144 17.508862 17.315725 16.092758 14.800403 14.377339 13.562338 12.646553 11.016891 8.802058 5.668307 1.566577 0.061597
0.056136 0.666900 4.066423 8.166072 9.495661 10.322839 10.536651 10.135125 10.546242 11.697330 13.221610 14.244882 15.145033 15.617656 15.686492 15.073348 14.854474 13.931813 13.103592 12.277258 11.816254 11.006404 10.524810 9.661635 7.479487 3.400524 0.509687 0.000000
0.000000 0.323771 2.956820 6.086882 7.820120 8.409312 9.031404 9.107848 9.177591 9.729107 10.626175 11.589326 12.513394 13.139992 13.752405 12.892224 11.520964 9.888543 8.814558 8.136844 8.237911 7.965639 7.733340 6.823099 3.761761 0.670862 0.191845 0.000000
0.217991 0.263779 0.958988 2.827843 4.763183 6.884660 7.863742 8.395647 7.431481 7.635459 8.334030 9.098591 9.744790 11.194100 11.611821 11.118979 9.749197 7.679429 6.323400 5.201648 4.493314 4.549242 4.130597 2.826923 0.734030 0.207887 0.000000 0.000000
0.133378 0.153865 0.645990 2.005798 4.527634 6.763588 7.644286 7.050209 6.527057 6.765083 7.073419 8.054227 9.083400 10.464607 11.325188 10.673254 9.648685 7.594741 6.104316 5.046092 4.994009 4.574923 3.289943 1.618393 0.366733 0.000000 0.000000 0.000000
0.000000 0.000000 1.120633 3.914204 6.269637 7.251624 7.711535 7.124010 7.059988 7.256746 7.559965 8.576373 9.793392 11.231371 12.033129 11.610576 10.490268 8.636288 7.432726 6.914187 7.093303 6.423909 3.850259 1.277401 0.116691 0.000000 0.000000 0.000000
0.000000 0.000000 1.049074 4.478897 7.230066 7.636990 7.888988 7.274405 7.074615 7.944998 8.359167 9.461375 11.682820 13.375650 13.629002 12.590046 11.191289 9.376351 8.176762 7.717733 7.106776 5.561378 2.419806 0.439859 0.000000 0.000000 0.000000 0.000000
0.000000 0.000000 0.288650 2.060184 6.203896 7.516044 7.910490 7.742558 7.298462 7.557469 9.012819 11.246520 14.157815 15.332605 14.918584 13.131564 11.122431 9.678936 8.650065 7.118415 4.827759 2.119783 0.290235 0.057803 0.000000 0.000000 0.000000 0.000000
0.000000 0.000000 0.127285 0.892101 2.326682 4.306572 5.123265 5.382045 4.981787 5.050951 7.399464 11.353820 14.486042 15.757161 14.951531 12.697417 10.044857 7.778614 5.956324 3.481129 1.586869 0.338177 0.083752 0.000000 0.000000 0.000000 0.000000 0.000000
0.000000 0.000000 0.000000 0.000000 0.380192 1.061020 1.966712 2.425720 2.871193 2.871058 5.606097 9.053998 12.735049 13.514510 11.993494 8.957757 6.055549 3.570545 1.244335 0.697792 0.305334 0.096950 0.000000 0.000000 0.000000 0.000000 0.000000 0.000000
0.000000 0.000000 0.000000 0.000000 0.000000 0.072744 0.554445 0.976380 1.384815 1.818177 3.511504 6.389635 8.646439 8.403727 6.538772 3.738893 2.290051 0.870774 0.321531 0.082303 0.067581 0.000000 0.000000 0.000000 0.000000 0.000000 0.000000 0.000000
0.000000 0.000000 0.000000 0.000000 0.000000 0.000000 0.075837 0.143850 0.550526 1.537677 3.640807 5.560938 5.751390 4.937023 2.935772 1.099895 0.256970 0.176377 0.000000 0.000000 0.000000 0.000000 0.000000 0.000000 0.000000 0.000000 0.000000 0.000000
0.000000 0.000000 0.000000 0.000000 0.000000 0.000000 0.000000 0.000000 0.055999 0.493868 0.836961 1.078153 0.751823 0.487956 0.252214 0.000000 0.000000 0.000000 0.000000 0.000000 0.000000 0.000000 0.000000 0.000000 0.000000 0.000000 0.000000 0.000000
0.000000 0.000000 0.000000 0.000000 0.000000 0.000000 0.000000 0.000000 0.000000 0.000000 0.000000 0.000000 0.000000 0.056628 0.000000 0.000000 0.000000 0.000000 0.000000 0.000000 0.000000 0.000000 0.000000 0.000000 0.000000 0.000000 0.000000 0.000000
