0.000000 0.000000 0.000000 0.000000 0.000000 0.000000 0.000000 0.000000 0.000000 0.061027 0.060309 0.059059 0.000000 0.000000 0.000000 0.000000 0.000000 0.000000 0.000000 0.000000 0.000000 0.000000 0.000000 0.000000 0.000000 0.000000 0.000000 0.000000 0.000000
0.000000 0.000000 0.000000 0.000000 0.000000 0.000000 0.000000 0.000000 0.194345 0.246582 0.131770 0.131395 0.072228 0.000000 0.000000 0.000000 0.000000 0.000000 0.000000 0.000000 0.000000 0.000000 0.000000 0.000000 0.000000 0.000000 0.000000 0.000000 0.000000
0.000000 0.000000 0.000000 0.000000 0.000000 0.000000 0.068181 0.321949 0.543801 0.577171 0.675740 0.350178 0.253146 0.000000 0.000000 0.056389 0.061360 0.117835 0.187871 0.305910 0.059727 0.000000 0.000000 0.000000 0.000000 0.000000 0.000000 0.000000 0.000000
0.000000 0.000000 0.000000 0.000000 0.056584 0.056745 0.119334 1.695994 1.336870 1.332675 1.444232 1.001950 0.325241 0.177939 0.074812 0.267922 1.795317 1.576389 2.090720 1.715429 0.656548 0.056537 0.319501 0.336723 0.134122 0.000000 0.000000 0.000000 0.000000
14.990463 15.485359 14.628651 13.219874 13.807455 16.260265 17.545728 18.527108 18.935792 18.145385 16.095913 14.568852 12.985855 12.739417 14.878627 16.633145 16.989774 17.459970 17.676488 17.932132 17.362604 16.260376 16.213708 16.996001 17.661790 17.029942 15.984254 15.310474 0.000000
15.513959 16.392042 16.261238 15.370514 15.784409 16.749524 17.206440 17.509249 18.201609 18.042405 16.664041 16.558282 17.024846 17.635533 18.259445 18.515234 17.848976 16.534258 16.047383 17.147911 17.720862 17.142195 17.223471 18.452496 19.703756 19.313286 18.123566 17.005698 0.192834
0.130030 0.132028 0.225977 10.252162 0.230358 0.059060 0.000000 0.114471 0.311820 8.299084 6.822973 9.967003 11.517543 12.189367 11.307847 11.047978 9.827093 2.220998 1.656245 2.735134 10.681699 10.251472 9.513002 12.441347 13.558114 12.307127 0.113723 0.061439 0.057779
0.000000 0.000000 0.000000 0.000000 0.000000 0.000000 0.000000 0.000000 0.137640 0.873304 1.499598 2.757070 4.195443 4.794211 3.463858 2.660128 2.182266 1.406887 1.320744 1.874580 2.989900 3.496856 3.125468 2.683917 1.228795 0.172441 0.056685 0.000000 0.000000
0.000000 0.000000 0.000000 0.000000 0.000000 0.000000 0.000000 0.000000 0.074696 0.129369 0.493894 1.889018 2.370039 2.852207 2.378540 1.374182 1.206926 0.780039 0.805297 1.152445 1.900786 2.110057 2.061153 1.310502 0.183714 0.000000 0.000000 0.000000 0.000000
0.000000 0.000000 0.000000 0.000000 0.000000 0.000000 0.000000 0.000000 0.000000 0.000000 0.057895 0.822641 1.457411 2.192689 1.861062 1.390558 1.357341 0.663213 0.636005 1.089228 1.639706 1.423698 1.425276 1.402146 0.671086 0.000000 0.000000 0.000000 0.000000
0.000000 0.000000 0.000000 0.000000 0.000000 0.000000 0.000000 0.000000 0.000000 0.000000 0.000000 0.123059 0.390000 1.054680 1.383511 1.402340 1.278107 1.381852 1.335805 1.249968 1.291789 0.914390 0.669831 0.968135 0.752622 0.127329 0.000000 0.000000 0.000000
0.000000 0.000000 0.000000 0.000000 0.000000 0.000000 0.000000 0.000000 0.000000 0.000000 0.000000 0.085315 0.333582 0.896024 1.060804 1.208171 1.588711 1.625290 1.730363 1.757839 1.640715 1.667627 1.459343 1.313182 1.050137 0.532573 0.060300 0.000000 0.000000
0.000000 0.000000 0.000000 0.000000 0.000000 0.000000 0.000000 0.000000 0.000000 0.000000 0.000000 0.000000 0.080902 0.332105 0.566970 1.056617 1.327999 1.540803 1.446175 1.666746 1.668496 1.733226 1.581761 1.293270 0.945898 0.563014 0.068651 0.000000 0.000000
0.000000 0.000000 0.000000 0.000000 0.000000 0.000000 0.000000 0.000000 0.000000 0.000000 0.000000 0.000000 0.000000 0.000000 0.063525 0.436355 1.034241 1.409945 1.397524 0.992069 1.048798 1.266568 1.068269 0.978063 0.773976 0.409328 0.134848 0.000000 0.000000
0.000000 0.000000 0.000000 0.000000 0.000000 0.000000 0.000000 0.000000 0.000000 0.000000 0.000000 0.000000 0.000000 0.000000 0.063726 0.078734 0.523985 1.049575 1.097848 0.840537 0.844774 0.961946 0.707364 0.370108 0.394958 0.284001 0.194155 0.055795 0.000000
0.000000 0.000000 0.000000 0.000000 0.000000 0.000000 0.000000 0.000000 0.000000 0.000000 0.000000 0.000000 0.000000 0.000000 0.000000 0.000000 0.328570 0.570211 0.701887 0.894521 0.758260 0.744121 0.788686 0.408463 0.325570 0.277396 0.218587 0.075882 0.000000
0.000000 0.000000 0.000000 0.000000 0.000000 0.000000 0.000000 0.000000 0.000000 0.000000 0.000000 0.000000 0.000000 0.000000 0.000000 0.058682 0.199527 0.489061 0.620553 0.768583 0.816855 0.710512 0.374562 0.123360 0.065376 0.262425 0.279027 0.080832 0.000000
0.000000 0.000000 0.000000 0.000000 0.000000 0.000000 0.000000 0.000000 0.000000 0.000000 0.000000 0.000000 0.000000 0.000000 0.000000 0.000000 0.238242 0.361066 0.541047 0.750544 0.544574 0.390449 0.125935 0.075068 0.071152 0.076190 0.060862 0.000000 0.000000
0.000000 0.000000 0.000000 0.000000 0.000000 0.000000 0.000000 0.000000 0.000000 0.000000 0.000000 0.000000 0.000000 0.000000 0.000000 0.065962 0.189652 0.378592 0.583093 0.610180 0.259758 0.195246 0.000000 0.000000 0.000000 0.000000 0.000000 0.000000 0.000000
0.000000 0.000000 0.000000 0.000000 0.000000 0.000000 0.000000 0.000000 0.000000 0.000000 0.000000 0.000000 0.000000 0.000000 0.000000 0.127204 0.255346 0.280565 0.438400 0.312460 0.134779 0.000000 0.000000 0.000000 0.000000 0.000000 0.000000 0.000000 0.000000
0.000000 0.000000 0.000000 0.000000 0.000000 0.000000 0.000000 0.000000 0.000000 0.000000 0.000000 0.000000 0.000000 0.000000 0.000000 0.134942 0.197611 0.244144 0.258853 0.274375 0.205336 0.139559 0.000000 0.000000 0.000000 0.000000 0.000000 0.000000 0.000000
0.000000 0.000000 0.000000 0.000000 0.000000 0.000000 0.000000 0.000000 0.000000 0.000000 0.000000 0.000000 0.000000 0.000000 0.000000 0.095762 0.076223 0.180710 0.140240 0.164292 0.245931 0.211056 0.126022 0.141559 0.058340 0.000000 0.000000 0.000000 0.000000
0.000000 0.000000 0.000000 0.000000 0.000000 0.000000 0.000000 0.000000 0.000000 0.000000 0.000000 0.000000 0.000000 0.000000 0.000000 0.000000 0.139229 0.217268 0.184528 0.182778 0.182180 0.220950 0.182776 0.126567 0.122825 0.000000 0.000000 0.000000 0.000000
0.000000 0.000000 0.000000 0.000000 0.000000 0.000000 0.000000 0.000000 0.000000 0.000000 0.000000 0.000000 0.000000 0.000000 0.000000 0.000000 0.000000 0.232873 0.255617 0.108389 0.103827 0.156107 0.075271 0.058999 0.061944 0.000000 0.000000 0.000000 0.000000
