0.000000 0.000000 0.000000 0.000000 0.000000 0.000000 0.000000 0.000000 0.000000 0.000000 0.000000 0.000000 0.000000 0.000000 0.000000 0.000000 0.000000 0.000000 0.000000 0.000000 0.000000 0.000000 0.000000 0.000000 0.000000 0.000000 0.000000 0.000000 0.000000 0.000000 0.000000 0.000000 0.000000 0.000000 0.059975 0.060060 0.123127 0.126479 0.000000 0.000000 0.000000 0.000000 0.000000 0.000000 0.000000 0.000000 0.000000 0.000000 0.000000 0.000000 0.000000 0.000000
0.000000 0.000000 0.000000 0.000000 0.000000 0.000000 0.000000 0.000000 0.000000 0.000000 0.000000 0.000000 0.000000 0.000000 0.000000 0.000000 0.000000 0.000000 0.000000 0.000000 0.000000 0.000000 0.000000 0.000000 0.000000 0.000000 0.000000 0.129918 0.062175 0.000000 0.000000 0.000000 0.000000 0.068663 0.190025 0.378416 0.396353 0.259112 0.191380 0.188626 0.000000 0.000000 0.000000 0.000000 0.000000 0.000000 0.000000 0.000000 0.000000 0.000000 0.000000 0.000000
0.000000 0.000000 0.000000 0.000000 0.000000 0.000000 0.000000 0.000000 0.000000 0.000000 0.000000 0.000000 0.000000 0.000000 0.000000 0.000000 0.000000 0.000000 0.000000 0.000000 0.000000 0.000000 0.000000 0.000000 0.000000 0.000000 0.125149 0.221324 0.152599 0.067150 0.000000 0.000000 0.000000 0.133117 0.225690 0.375534 0.448593 0.388261 0.130317 0.136861 0.000000 0.000000 0.000000 0.000000 0.000000 0.000000 0.000000 0.000000 0.000000 0.000000 0.000000 0.000000
0.000000 0.000000 0.000000 0.000000 0.000000 0.000000 0.000000 0.000000 0.000000 0.000000 0.000000 0.000000 0.000000 0.000000 0.000000 0.000000 0.000000 0.000000 0.000000 0.000000 0.000000 0.000000 0.056372 0.219332 0.147539 0.067229 0.303934 0.291779 0.239282 0.212452 0.062808 0.000000 0.069372 0.157748 0.287018 0.369837 0.333069 0.195930 0.128075 0.079270 0.000000 0.000000 0.000000 0.000000 0.000000 0.000000 0.000000 0.000000 0.000000 0.000000 0.000000 0.000000
0.000000 0.000000 0.000000 0.000000 0.000000 0.000000 0.000000 0.000000 0.000000 0.000000 0.000000 0.000000 0.000000 0.000000 0.000000 0.000000 0.000000 0.000000 0.000000 0.000000 0.000000 0.000000 0.065020 0.177366 0.170529 0.205769 0.441692 0.613956 0.423161 0.340024 0.195416 0.127147 0.134514 0.360031 0.451731 0.363086 0.132934 0.075142 0.066758 0.000000 0.000000 0.000000 0.000000 0.000000 0.000000 0.000000 0.000000 0.000000 0.000000 0.000000 0.000000 0.000000
0.000000 0.000000 0.000000 0.000000 0.000000 0.000000 0.000000 0.000000 0.000000 0.000000 0.000000 0.000000 0.000000 0.000000 0.000000 0.000000 0.000000 0.000000 0.000000 0.000000 0.000000 0.000000 0.071012 0.149753 0.149854 0.433024 0.698701 0.553046 0.451427 0.680133 0.599216 0.453433 0.461727 0.648812 0.483608 0.345874 0.214029 0.074126 0.000000 0.000000 0.000000 0.000000 0.000000 0.000000 0.000000 0.000000 0.000000 0.000000 0.000000 0.000000 0.000000 0.000000
0.000000 0.000000 0.000000 0.000000 0.000000 0.000000 0.000000 0.000000 0.000000 0.000000 0.000000 0.000000 0.000000 0.000000 0.000000 0.000000 0.000000 0.000000 0.000000 0.000000 0.000000 0.000000 0.000000 0.000000 0.059262 0.492132 0.871557 0.913228 0.816405 0.907138 1.119184 0.573700 0.439230 0.547571 0.524900 0.296175 0.266055 0.121582 0.000000 0.000000 0.000000 0.000000 0.000000 0.000000 0.000000 0.000000 0.000000 0.000000 0.000000 0.000000 0.000000 0.000000
0.000000 0.000000 0.000000 0.000000 0.000000 0.000000 0.000000 0.000000 0.000000 0.000000 0.000000 0.000000 0.000000 0.000000 0.000000 0.000000 0.000000 0.000000 0.000000 0.000000 0.000000 0.000000 0.000000 0.000000 0.057603 0.366883 0.893953 1.413388 1.356383 1.111200 1.394399 1.261706 0.959693 0.601028 0.576467 0.453697 0.285241 0.321257 0.177075 0.077988 0.150234 0.096188 0.082739 0.000000 0.000000 0.000000 0.000000 0.000000 0.000000 0.000000 0.000000 0.000000
0.000000 0.000000 0.000000 0.000000 0.000000 0.000000 0.000000 0.000000 0.000000 0.000000 0.000000 0.000000 0.000000 0.000000 0.000000 0.000000 0.000000 0.000000 0.000000 0.000000 0.000000 0.000000 0.000000 0.000000 0.000000 0.290709 1.269004 1.671835 1.986868 1.994580 1.686207 1.651200 1.601802 1.077238 0.821357 0.690999 0.677059 0.421514 0.469668 0.487480 0.239927 0.157062 0.122235 0.000000 0.000000 0.000000 0.000000 0.000000 0.000000 0.000000 0.000000 0.000000
0.000000 0.000000 0.000000 0.000000 0.000000 0.000000 0.000000 0.000000 0.000000 0.000000 0.000000 0.000000 0.000000 0.000000 0.000000 0.000000 0.000000 0.000000 0.000000 0.000000 0.000000 0.000000 0.000000 0.000000 0.000000 0.504314 1.067039 1.375187 1.937326 2.976857 2.057330 1.643830 1.659469 1.252513 1.131020 1.115002 1.219494 1.039370 0.885915 0.499010 0.483083 0.229298 0.058625 0.000000 0.000000 0.000000 0.000000 0.000000 0.000000 0.000000 0.000000 0.000000
0.000000 0.000000 0.000000 0.000000 0.000000 0.000000 0.000000 0.000000 0.000000 0.000000 0.000000 0.000000 0.000000 0.000000 0.000000 0.000000 0.000000 0.000000 0.000000 0.000000 0.000000 0.000000 0.000000 0.000000 0.144492 0.692430 1.032213 1.557913 1.851272 2.287936 2.852964 2.957480 2.525935 2.284018 1.994121 2.206058 2.534496 2.107071 1.200986 0.729491 0.358274 0.070295 0.000000 0.000000 0.000000 0.000000 0.000000 0.000000 0.000000 0.000000 0.000000 0.000000
0.000000 0.000000 0.000000 0.000000 0.000000 0.000000 0.000000 0.000000 0.000000 0.000000 0.000000 0.000000 0.000000 0.000000 0.000000 0.000000 0.000000 0.000000 0.000000 0.000000 0.000000 0.062354 0.067574 0.148807 0.330471 0.480934 0.669904 1.248074 2.079922 2.989903 3.731076 4.024915 3.751137 2.607610 2.385765 2.430206 2.520785 2.204668 1.362880 0.765733 0.353485 0.061853 0.000000 0.000000 0.000000 0.000000 0.000000 0.000000 0.000000 0.000000 0.000000 0.000000
0.000000 0.000000 0.000000 0.000000 0.000000 0.000000 0.000000 0.000000 0.000000 0.000000 0.000000 0.000000 0.000000 0.000000 0.000000 0.000000 0.000000 0.000000 0.000000 0.000000 0.000000 0.061474 0.175919 0.188733 0.189911 0.283296 0.492720 0.930461 1.871214 2.968497 3.927685 4.337464 4.241670 3.394568 2.176764 2.568975 2.425025 2.242460 1.488555 0.809582 0.380291 0.000000 0.059395 0.060860 0.067046 0.060339 0.000000 0.000000 0.000000 0.000000 0.000000 0.000000
0.000000 0.000000 0.000000 0.000000 0.000000 0.000000 0.000000 0.000000 0.000000 0.000000 0.000000 0.000000 0.000000 0.000000 0.000000 0.000000 0.000000 0.000000 0.000000 0.000000 0.000000 0.080898 0.211269 0.197408 0.133323 0.200682 0.484446 0.655642 1.303987 2.361029 3.273588 4.163656 4.413161 3.794356 2.670456 2.574045 2.266891 2.186747 1.634432 0.919447 0.417306 0.065294 0.144178 0.156424 0.150588 0.194850 0.000000 0.000000 0.000000 0.000000 0.000000 0.000000
0.000000 0.000000 0.000000 0.000000 0.000000 0.000000 0.000000 0.000000 0.000000 0.000000 0.000000 0.000000 0.000000 0.000000 0.000000 0.000000 0.000000 0.000000 0.000000 0.000000 0.000000 0.066669 0.195384 0.254184 0.124238 0.442288 0.585552 0.624410 1.210623 2.072846 2.547477 3.376649 4.224226 4.072627 3.103640 2.686431 2.237675 2.184207 1.683677 0.790635 0.299323 0.208753 0.173885 0.181643 0.230846 0.206470 0.000000 0.000000 0.000000 0.000000 0.000000 0.000000
0.000000 0.000000 0.000000 0.000000 0.059772 0.000000 0.065241 0.000000 0.000000 0.000000 0.000000 0.000000 0.000000 0.000000 0.000000 0.000000 0.000000 0.000000 0.000000 0.000000 0.000000 0.114270 0.128725 0.140222 0.072879 0.262305 0.503686 0.886464 1.480197 1.831735 2.329041 2.851931 3.727023 3.857567 3.081007 2.509428 2.101086 1.888415 1.529404 0.885989 0.640686 0.398611 0.146350 0.129027 0.128469 0.000000 0.000000 0.000000 0.000000 0.000000 0.000000 0.000000
0.000000 0.000000 0.000000 0.000000 0.127065 0.193625 0.188900 0.064096 0.000000 0.000000 0.000000 0.000000 0.000000 0.000000 0.000000 0.000000 0.000000 0.000000 0.000000 0.000000 0.000000 0.069622 0.124247 0.077371 0.144716 0.222312 0.519518 0.829259 1.225438 1.498292 2.267298 2.697928 3.402385 3.502197 3.049560 2.757643 1.913248 1.630247 1.322073 0.948393 0.666481 0.491763 0.369754 0.131087 0.056103 0.000000 0.000000 0.000000 0.000000 0.000000 0.000000 0.000000
0.000000 0.000000 0.000000 0.056697 0.185892 0.548851 0.598954 0.428866 0.269388 0.120666 0.117899 0.120774 0.073825 0.114108 0.000000 0.000000 0.000000 0.000000 0.000000 0.000000 0.062028 0.074406 0.125891 0.121125 0.209102 0.465255 0.687692 0.973234 1.285014 1.694227 2.422875 3.202077 3.683821 3.697762 3.343036 2.890736 2.300806 1.785094 1.658124 1.367909 0.687594 0.564252 0.284193 0.158753 0.151889 0.125966 0.000000 0.000000 0.000000 0.000000 0.000000 0.000000
0.000000 0.000000 0.384673 0.346704 0.664344 0.762373 1.012384 0.847346 0.707130 0.522546 0.221100 0.212835 0.352913 0.339910 0.138843 0.056806 0.000000 0.000000 0.000000 0.145503 0.137786 0.203204 0.201614 0.204369 0.448594 0.496312 0.862115 1.019299 1.360749 1.741869 2.218534 3.107083 3.464874 3.527142 2.657491 2.628361 2.382039 2.349806 2.023397 1.472704 0.774408 0.700640 0.373990 0.280611 0.426812 0.270978 0.139459 0.065959 0.000000 0.000000 0.000000 0.000000
0.000000 0.349765 1.113796 1.215211 1.342979 1.639286 1.863143 1.970375 1.711140 1.271565 1.107775 1.104107 1.237487 0.817974 0.777521 0.269220 0.061297 0.000000 0.136851 0.223517 0.228376 0.440908 0.623951 0.631954 0.843697 0.868939 1.226116 1.961840 2.557764 3.302265 4.071271 4.485322 5.178856 5.228259 4.806495 4.372506 4.172188 3.887351 3.398038 2.435371 2.001246 1.293188 1.271190 0.982647 0.667581 0.626507 0.431163 0.283764 0.229342 0.219797 0.077261 0.000000
0.132836 0.425179 1.010889 1.357954 1.392075 1.599708 1.843050 1.983634 1.791905 1.772078 1.280453 1.339633 1.223763 0.774440 0.492690 0.419494 0.230559 0.109657 0.143838 0.171906 0.231487 0.313262 0.588850 0.674088 0.664480 0.713643 1.066478 1.502613 2.389960 3.160625 3.674787 4.244485 4.740867 4.945535 4.620520 4.449819 4.406230 4.036461 3.196163 2.376554 2.177293 2.096900 1.423164 0.883921 0.667887 0.860375 0.626517 0.399622 0.449732 0.224418 0.072049 0.000000
0.000000 0.227136 0.678600 1.185168 1.346515 1.377821 1.393267 1.314628 1.691721 1.600595 1.627331 1.696803 0.907033 0.546356 0.408903 0.338424 0.346320 0.256846 0.150486 0.175141 0.253115 0.322283 0.374161 0.450042 0.409735 0.291727 0.660325 1.191079 2.031573 3.117497 3.564670 3.885592 4.273459 4.439247 4.265810 4.291963 4.350967 3.653403 3.179357 2.553411 2.091561 2.202276 1.350575 0.913021 0.684536 0.626696 0.543113 0.521739 0.471073 0.195700 0.000000 0.000000
0.000000 0.202121 0.838300 1.238448 1.499905 1.645405 1.318363 1.342640 1.632819 1.757222 1.455424 1.444017 1.085903 0.589153 0.509260 0.499568 0.400176 0.326000 0.203248 0.239904 0.326837 0.392258 0.348679 0.389701 0.350966 0.214282 0.372285 0.830170 2.046365 2.864630 3.496216 3.738184 4.180572 4.712355 4.825214 4.775341 4.790230 4.263509 3.596666 2.919240 2.592625 2.115931 1.459847 1.048644 0.694674 0.342947 0.727140 0.709534 0.495705 0.221393 0.078692 0.000000
0.125388 0.234185 0.750782 1.165014 1.215076 1.217355 1.169576 1.331618 1.464745 1.638631 1.293797 0.934871 0.893582 0.621238 0.427886 0.443809 0.445589 0.307173 0.083620 0.215023 0.229290 0.286704 0.318836 0.200162 0.371679 0.514271 0.730074 1.086936 1.806167 2.614316 3.006012 3.433531 3.877418 4.515849 4.939695 4.408930 4.300506 3.784543 3.018207 2.676173 2.272505 1.670916 1.334680 0.748046 0.266382 0.358170 0.774433 0.811582 0.566933 0.311863 0.226754 0.000000
0.071332 0.146541 0.710296 1.102664 1.013156 0.931698 1.097300 1.442214 1.359056 1.348288 1.097105 0.756870 0.213568 0.217781 0.273005 0.388706 0.271499 0.244487 0.092182 0.080184 0.225102 0.288270 0.157129 0.235247 0.345826 0.536916 0.776727 1.421897 1.746584 2.044697 2.398723 2.794147 3.284031 4.033305 4.429704 4.096563 3.575682 3.207280 3.073253 2.593783 2.262906 1.793200 1.297212 0.708944 0.309181 0.374634 0.672284 0.710441 0.612885 0.381168 0.293204 0.145192
0.064093 0.072294 0.137081 0.362820 0.274510 0.309179 0.278497 0.484235 0.670681 0.514073 0.317613 0.136884 0.190252 0.167260 0.149453 0.067612 0.075452 0.100332 0.084578 0.000000 0.188542 0.136389 0.097658 0.152145 0.064422 0.285338 0.551292 0.676973 0.815841 0.815535 1.073493 1.499440 1.806316 1.863632 1.864837 2.034950 2.046202 2.068136 1.456499 1.007486 0.965237 0.695934 0.511870 0.461594 0.229528 0.230350 0.287925 0.346664 0.337087 0.209685 0.136702 0.000000
0.000000 0.000000 0.191023 0.324465 0.256746 0.189049 0.360857 0.490033 0.433925 0.643123 0.413849 0.145483 0.212963 0.257057 0.167308 0.133673 0.000000 0.000000 0.000000 0.000000 0.069767 0.081454 0.172447 0.144884 0.274915 0.311112 0.497656 0.597513 0.759127 0.904156 1.024893 1.587057 1.853633 2.212884 2.246924 2.343712 2.464497 2.312411 1.613030 0.897668 0.426114 0.289162 0.336031 0.176835 0.064936 0.073765 0.155810 0.139056 0.125042 0.160198 0.154448 0.069907
0.000000 0.071709 0.290811 0.524376 0.411859 0.444877 0.805420 0.680047 0.738982 0.793029 0.581160 0.392493 0.219345 0.241981 0.082629 0.076826 0.000000 0.000000 0.000000 0.000000 0.000000 0.000000 0.192846 0.266111 0.274004 0.384834 0.640599 0.716138 0.703047 0.960443 1.133860 1.512052 1.542702 1.865799 2.262246 2.404989 2.358121 2.079964 1.195209 0.860754 0.183559 0.059343 0.063203 0.000000 0.000000 0.000000 0.000000 0.000000 0.000000 0.207066 0.141942 0.000000
0.000000 0.139379 0.395281 0.860726 0.955494 1.098238 1.006826 0.838117 0.980195 0.867339 0.588515 0.553966 0.283685 0.233555 0.460181 0.339536 0.060120 0.000000 0.000000 0.000000 0.000000 0.132424 0.318330 0.308387 0.257711 0.287614 0.613570 0.813002 0.902367 0.968440 1.153479 1.382407 1.477435 1.788485 2.172071 2.431567 2.472330 1.994313 1.447655 1.112494 0.412766 0.371320 0.074497 0.088494 0.000000 0.000000 0.000000 0.000000 0.056516 0.188231 0.130972 0.000000
0.000000 0.179261 0.670227 0.833585 1.192941 1.475050 1.641296 1.893359 1.923845 1.467840 1.249103 0.810201 0.705740 0.712461 0.435401 0.360892 0.060314 0.000000 0.056566 0.072760 0.065434 0.121686 0.332767 0.275398 0.142091 0.382443 0.557470 1.154698 1.411090 1.516451 1.340926 1.391178 1.550461 1.828647 2.177669 2.575233 2.619368 2.238384 1.816825 1.113017 0.559191 0.371441 0.227966 0.206828 0.059406 0.000000 0.000000 0.000000 0.075571 0.139865 0.148831 0.060698
0.000000 0.195017 0.555540 0.710310 0.735352 1.081279 1.882550 2.171423 2.111727 1.781179 1.580486 1.000689 0.854903 1.089492 0.571895 0.418261 0.315368 0.268190 0.272001 0.282927 0.206490 0.191607 0.243485 0.354781 0.300949 0.496975 0.596794 0.895957 1.303106 1.469432 1.708176 1.510801 1.428429 1.702832 2.003812 2.202516 2.524102 2.144727 1.624163 1.052283 0.854089 0.374273 0.361738 0.195703 0.056876 0.060056 0.000000 0.000000 0.000000 0.000000 0.000000 0.000000
0.000000 0.375083 0.489981 0.517774 0.861937 1.081076 1.821198 2.188124 2.218023 1.826261 1.722225 1.548570 1.182618 1.155913 0.846745 0.721431 0.586224 0.399772 0.500693 0.457276 0.402268 0.441341 0.259142 0.393510 0.444501 0.264452 0.458630 0.774236 1.123839 1.370746 1.782307 1.741502 1.861569 1.985564 2.078751 2.154904 2.048185 1.569451 1.132789 0.950003 0.581611 0.391096 0.495716 0.336593 0.200805 0.136367 0.059482 0.000000 0.000000 0.000000 0.000000 0.000000
0.000000 0.248177 0.488803 0.772924 0.836528 0.958459 1.794600 2.135037 2.136021 1.812797 1.690003 1.506951 1.382141 1.331224 0.850450 0.863852 0.796706 0.836170 0.652703 0.537885 0.594820 0.454587 0.463470 0.359230 0.478131 0.403715 0.203756 0.405903 1.093253 1.153543 1.621684 1.801127 2.001143 2.033068 2.108258 1.887085 1.725718 1.563425 1.013438 0.833068 0.569424 0.463213 0.470159 0.351854 0.224367 0.165179 0.131006 0.000000 0.000000 0.000000 0.000000 0.000000
0.000000 0.136467 0.370828 0.642236 0.693014 1.147097 1.512527 2.004729 2.126664 1.977717 1.831075 1.889544 1.625059 1.344078 1.257713 1.193194 1.191974 0.950457 0.889584 0.907797 0.771069 0.648984 0.486365 0.546569 0.475151 0.404383 0.323494 0.519493 1.101213 1.195099 1.597514 1.855317 1.879020 1.908514 1.875972 1.762939 1.753629 1.417608 0.939796 0.831859 0.700330 0.636678 0.531201 0.278049 0.133684 0.137648 0.061736 0.000000 0.000000 0.000000 0.000000 0.000000
0.000000 0.057166 0.129227 0.329445 0.501847 1.012437 1.388173 1.906860 2.004634 1.921745 1.812576 1.824365 1.797531 1.715644 1.403649 1.714985 1.557442 1.233899 1.065644 1.129283 0.987388 0.714274 0.491708 0.417520 0.298572 0.282827 0.287827 0.730945 0.929409 1.034171 1.392920 1.671432 1.847853 2.001935 2.104844 1.812130 1.629007 1.260147 0.826727 0.724419 0.786852 0.627778 0.483583 0.328451 0.055996 0.134359 0.089366 0.000000 0.000000 0.000000 0.000000 0.000000
0.000000 0.000000 0.000000 0.113200 0.484724 0.804991 1.233235 1.631029 1.879581 1.928088 1.867294 1.780335 1.822906 1.802945 2.081157 2.061821 1.894161 1.600840 1.166813 1.198053 1.040234 0.668824 0.512520 0.596390 0.361830 0.544298 0.769282 1.016490 0.890154 1.039013 1.093673 1.559003 1.726688 1.840176 2.024301 1.895468 1.568445 1.199044 0.949233 1.150945 0.916057 0.533512 0.631376 0.415099 0.280211 0.154799 0.087665 0.000000 0.000000 0.000000 0.000000 0.000000
0.000000 0.000000 0.000000 0.081040 0.546859 0.753446 1.333129 1.571680 1.821168 1.808237 1.775929 1.838896 1.940519 2.110577 2.844570 3.063224 2.716151 2.414564 1.911022 1.611281 1.046761 0.924004 0.988315 0.828051 0.459918 0.715452 1.016664 1.153535 0.892993 0.921537 1.077817 1.608735 1.869393 1.949618 1.868508 1.982104 1.684109 1.475434 1.521537 1.347725 0.821078 0.575908 0.566919 0.321552 0.265078 0.087078 0.061302 0.000000 0.000000 0.000000 0.000000 0.000000
0.000000 0.000000 0.000000 0.201543 0.339890 0.757530 1.137535 1.527555 1.605208 1.586496 1.519245 1.702489 2.200768 2.715061 3.101394 3.583511 3.793559 3.355857 2.466614 1.738125 1.326956 1.096662 0.996547 0.905158 0.719621 0.576587 0.904957 1.184003 1.073723 0.890284 0.972652 1.489709 1.967081 1.867651 1.790977 1.841533 1.748712 1.695212 1.601575 1.140519 0.734660 0.422709 0.270404 0.313607 0.203806 0.056582 0.000000 0.000000 0.000000 0.000000 0.000000 0.000000
0.000000 0.000000 0.000000 0.000000 0.122144 0.364314 1.027767 1.325682 1.410663 1.456827 1.404069 1.302009 2.158400 2.569033 3.029279 3.723349 4.128015 3.620642 2.727967 1.970280 1.304031 1.017444 0.667396 0.712174 0.626250 0.712155 0.907977 1.077131 0.960662 0.775818 0.655549 1.191862 1.587878 2.036964 1.961129 1.847472 1.714287 1.785283 1.474467 0.909609 0.622238 0.276941 0.066881 0.000000 0.000000 0.000000 0.000000 0.000000 0.000000 0.000000 0.000000 0.000000
0.000000 0.000000 0.000000 0.000000 0.157860 0.544859 1.073174 1.302375 1.268063 1.125763 1.167781 1.239747 1.584466 2.301010 2.773623 3.410890 3.774551 3.313897 3.067478 2.737740 1.566449 0.948171 0.495026 0.418093 0.434654 0.562993 0.991109 1.189975 1.056117 1.043973 0.737249 1.021632 1.441782 1.867438 1.929478 1.868523 1.638668 1.571282 1.380389 1.049786 0.707185 0.342792 0.246267 0.000000 0.000000 0.000000 0.000000 0.000000 0.000000 0.000000 0.000000 0.000000
0.000000 0.000000 0.000000 0.000000 0.222666 0.574070 0.925305 1.272869 1.418754 1.080112 1.342495 1.251539 1.347948 1.742892 2.574175 2.817990 3.426684 3.613244 3.154594 2.792894 1.895591 1.244286 0.665825 0.656260 0.793880 0.731218 1.196182 1.309557 1.062671 0.991939 0.759315 0.878211 1.171800 1.671966 1.987893 1.925440 2.079342 2.110840 1.725096 1.441642 1.268409 0.818428 0.272540 0.000000 0.000000 0.000000 0.000000 0.000000 0.000000 0.000000 0.000000 0.000000
0.000000 0.000000 0.000000 0.000000 0.237295 0.444631 0.886845 1.240602 1.214009 1.113099 1.172818 1.164522 1.344245 1.852559 2.576166 2.818791 3.098281 3.497238 3.266724 2.991141 2.405384 1.575932 1.127813 0.809091 0.906546 1.133581 1.277516 1.356124 1.034762 1.066396 0.756418 0.444351 0.734325 1.531626 1.719503 2.335549 2.398245 2.134728 1.957342 1.506268 1.131110 0.733484 0.267121 0.060662 0.000000 0.000000 0.000000 0.000000 0.000000 0.000000 0.000000 0.000000
0.000000 0.000000 0.000000 0.000000 0.160324 0.375361 0.478543 0.784175 0.921916 0.940386 0.895904 1.018712 1.251073 1.888428 2.598760 3.064858 3.572690 3.445615 3.255531 2.989531 2.506846 1.844003 1.125412 1.086984 0.944493 0.914988 0.997747 1.173584 1.106203 0.858445 0.615135 0.487367 0.679929 1.400683 1.904313 2.357867 2.438291 2.220731 1.745614 1.336664 0.838905 0.528052 0.263255 0.000000 0.000000 0.000000 0.000000 0.000000 0.000000 0.000000 0.000000 0.000000
0.000000 0.000000 0.000000 0.000000 0.000000 0.294892 0.427630 0.381025 0.534843 0.914238 1.050312 0.930271 1.140350 2.000754 2.677955 3.408656 3.755068 3.572736 3.229370 2.885329 2.310778 1.830519 1.438003 1.265942 1.033458 1.133545 1.341189 1.762377 1.991477 1.842565 1.496786 0.868394 1.024893 1.343498 1.973220 2.347809 2.431996 2.162139 1.999996 1.487288 0.876068 0.632355 0.420238 0.124927 0.000000 0.000000 0.000000 0.000000 0.000000 0.000000 0.000000 0.000000
0.000000 0.000000 0.000000 0.000000 0.000000 0.000000 0.192857 0.246337 0.283367 0.814260 0.827631 0.986743 1.122285 1.875051 2.401177 3.189082 3.576650 3.535255 3.186866 2.941412 2.516906 2.239187 1.533182 1.513731 1.434426 1.456709 1.933873 2.212507 2.493500 2.427906 1.882099 1.597110 1.334987 1.277882 1.779006 1.872812 2.177594 2.199266 1.982767 1.669477 1.403648 1.057521 0.262701 0.141329 0.000000 0.000000 0.000000 0.000000 0.000000 0.000000 0.000000 0.000000
0.000000 0.000000 0.000000 0.000000 0.000000 0.000000 0.000000 0.195913 0.613243 0.958317 1.000924 1.104349 0.957305 1.539074 2.034603 2.601077 3.378135 3.381885 3.234202 2.990235 2.788396 2.345621 2.095269 1.904528 1.888099 2.003634 2.295333 2.484195 2.704964 2.597595 2.088462 1.580821 1.612688 1.539172 1.444434 1.386207 1.596510 1.880248 1.929156 1.838576 1.680289 1.308793 0.396025 0.172692 0.055854 0.000000 0.000000 0.000000 0.000000 0.000000 0.000000 0.000000
0.000000 0.000000 0.000000 0.000000 0.000000 0.000000 0.123398 0.478322 1.044905 1.169084 1.130588 0.747809 0.861483 1.307417 1.838931 2.442892 3.050063 3.157791 2.930168 2.750683 2.727762 2.370815 2.060424 2.037370 1.833837 1.915792 2.234219 2.800208 2.876512 2.448413 2.064566 1.979019 1.735463 1.811791 1.378300 1.219512 1.433409 1.680174 1.894684 1.940240 1.935413 1.630770 0.782082 0.136119 0.065749 0.000000 0.000000 0.000000 0.000000 0.000000 0.000000 0.000000
0.000000 0.000000 0.000000 0.000000 0.000000 0.000000 0.129467 0.555614 0.847306 0.904029 0.811084 0.759270 0.735081 1.246670 1.887451 2.193919 2.777771 2.809057 2.639490 2.801168 2.553554 2.450816 2.206688 2.198843 1.603567 1.718015 2.406926 2.829221 2.999776 2.786086 2.397208 2.419050 2.131002 1.568992 1.359122 1.192131 1.038731 1.433874 1.795300 1.863495 1.682068 1.336552 0.850535 0.154594 0.059343 0.000000 0.000000 0.000000 0.000000 0.000000 0.000000 0.000000
0.000000 0.000000 0.000000 0.000000 0.000000 0.000000 0.197324 0.465040 0.476223 0.369172 0.588164 0.694749 0.654236 1.239199 1.675178 2.132296 2.326657 2.376667 2.639120 2.922887 3.057129 2.805538 2.551364 2.233802 1.709605 1.751228 2.012712 2.754499 3.295599 3.599854 3.326072 2.818354 2.265302 1.715255 0.864655 0.694219 1.050293 1.489052 1.868629 1.929226 1.442430 1.344345 0.813821 0.249706 0.057605 0.000000 0.000000 0.000000 0.000000 0.000000 0.000000 0.000000
0.000000 0.000000 0.000000 0.000000 0.000000 0.055916 0.337745 0.367501 0.289978 0.262123 0.425648 0.565451 0.611217 0.755166 1.389277 1.895617 2.227327 2.230822 2.519999 2.829657 3.286768 3.286207 3.240833 2.808091 2.403609 2.322518 2.518904 3.161322 3.703879 4.291398 3.884317 3.005565 2.499292 2.000443 1.037722 0.700494 0.807003 1.177205 1.863552 2.216213 2.002984 1.566641 0.956259 0.581551 0.138281 0.079325 0.059168 0.000000 0.000000 0.000000 0.000000 0.000000
0.000000 0.000000 0.000000 0.000000 0.000000 0.000000 0.276345 0.366749 0.439041 0.708344 0.588220 0.625502 0.690008 0.819334 1.178162 1.837283 2.360839 2.230519 2.491551 2.911533 3.203611 3.269901 3.184842 3.088030 3.074617 3.064066 3.366292 3.737590 4.435539 4.668770 4.238033 2.870263 2.341169 1.604595 1.077752 0.427274 0.319977 0.717745 1.183456 1.699316 2.050724 1.843918 1.271670 0.747270 0.195085 0.149051 0.147515 0.000000 0.000000 0.000000 0.000000 0.000000
0.000000 0.000000 0.000000 0.000000 0.000000 0.138675 0.148492 0.281886 0.437000 0.623476 0.903930 1.008921 1.033437 1.010312 1.231134 2.074617 2.447479 2.231092 2.114396 2.623689 2.693900 2.735684 2.909221 3.140359 3.148016 3.122662 3.493232 3.954576 4.654970 4.708247 4.298242 3.360301 2.044572 1.397329 1.194165 0.464848 0.144497 0.539449 0.788494 1.366525 1.785209 1.917665 1.453868 0.809880 0.206541 0.135698 0.135462 0.000000 0.000000 0.000000 0.000000 0.000000
0.000000 0.000000 0.000000 0.000000 0.000000 0.082978 0.135425 0.200593 0.363624 0.762400 1.124443 1.181031 1.409997 1.313216 1.536355 2.285039 2.749874 2.589802 2.415625 2.361321 2.349804 2.547298 2.890791 3.065278 2.994455 3.194221 3.572482 4.097329 4.639776 4.807371 4.759173 3.999570 2.618857 1.476232 0.885571 0.563444 0.217862 0.250516 0.474491 0.966023 1.216465 1.422615 1.176298 0.508422 0.188686 0.061880 0.000000 0.000000 0.000000 0.000000 0.000000 0.000000
0.000000 0.000000 0.000000 0.000000 0.000000 0.000000 0.000000 0.116459 0.372754 0.689095 0.932506 1.083261 1.216043 1.251339 1.305247 1.678157 2.188440 2.035278 2.118988 2.070555 2.227441 2.238041 2.258949 2.636838 2.983832 3.462612 3.756985 4.276533 4.359130 4.702265 4.946283 4.445200 3.052213 1.597114 0.955875 0.424616 0.195949 0.000000 0.129003 0.481835 0.636675 0.791235 0.619490 0.344738 0.064160 0.057330 0.000000 0.000000 0.000000 0.000000 0.000000 0.000000
0.000000 0.000000 0.000000 0.000000 0.000000 0.000000 0.000000 0.062666 0.390658 0.446109 0.539032 0.794313 1.023039 0.987202 1.047913 1.371990 1.589685 1.616096 1.557575 1.783089 2.009537 2.021375 1.942362 2.416047 3.418086 3.616689 3.708601 3.991276 4.273724 4.934049 4.936820 4.668912 3.635324 1.549668 0.844267 0.581182 0.251423 0.058362 0.000000 0.199999 0.361909 0.293894 0.280690 0.211769 0.000000 0.000000 0.000000 0.000000 0.000000 0.000000 0.000000 0.000000
0.000000 0.000000 0.000000 0.000000 0.000000 0.000000 0.000000 0.000000 0.114583 0.199826 0.155230 0.458533 0.686035 0.726837 0.788371 1.083784 1.435419 1.229805 1.422312 1.477065 1.891686 1.863937 1.634942 2.186537 3.154791 3.367148 3.484309 3.666204 4.154765 4.596731 4.705487 4.584492 3.590549 1.928013 0.715582 0.533610 0.312259 0.268333 0.000000 0.057871 0.062347 0.060208 0.059192 0.000000 0.000000 0.000000 0.000000 0.000000 0.000000 0.000000 0.000000 0.000000
0.000000 0.000000 0.000000 0.000000 0.000000 0.000000 0.000000 0.000000 0.000000 0.000000 0.133190 0.338567 0.418405 0.286175 0.637014 0.563733 0.807601 1.068350 1.251861 1.169696 1.583891 1.301811 1.310214 2.059391 2.678027 2.679891 3.186994 3.437290 3.391210 3.838137 4.386974 4.649622 3.801143 1.984544 1.085953 0.618503 0.598716 0.474605 0.056503 0.000000 0.000000 0.000000 0.000000 0.000000 0.000000 0.000000 0.000000 0.000000 0.000000 0.000000 0.000000 0.000000
0.000000 0.000000 0.000000 0.000000 0.000000 0.000000 0.000000 0.000000 0.000000 0.000000 0.000000 0.117875 0.182949 0.149158 0.299372 0.224635 0.521931 1.287888 1.747278 2.104531 2.272545 2.085334 2.192054 2.307939 2.642548 2.525591 3.170176 3.626535 3.982292 4.294298 4.845162 4.996804 4.343824 3.047453 1.571810 0.925281 0.742170 0.620793 0.123629 0.000000 0.000000 0.000000 0.000000 0.000000 0.000000 0.000000 0.000000 0.000000 0.000000 0.000000 0.000000 0.000000
0.000000 0.000000 0.000000 0.000000 0.000000 0.000000 0.000000 0.000000 0.000000 0.000000 0.000000 0.000000 0.000000 0.000000 0.070993 0.063795 0.137258 0.611612 1.278309 2.112862 2.195176 2.029606 1.815123 2.065574 1.963889 1.700152 2.377030 2.997143 3.290832 3.627138 4.239566 4.638000 3.773068 2.806898 1.887119 1.073415 0.751912 0.336435 0.095904 0.000000 0.000000 0.000000 0.000000 0.000000 0.000000 0.000000 0.000000 0.000000 0.000000 0.000000 0.000000 0.000000
0.000000 0.000000 0.000000 0.000000 0.000000 0.000000 0.000000 0.000000 0.000000 0.000000 0.000000 0.000000 0.000000 0.000000 0.000000 0.059786 0.205055 0.985512 1.981463 2.285537 2.402255 2.266660 2.315939 1.957462 1.689525 1.722228 1.989627 2.411009 2.841160 3.233205 3.985339 4.291334 3.711257 2.990328 2.367297 1.544140 0.771968 0.417847 0.165436 0.000000 0.000000 0.000000 0.000000 0.000000 0.000000 0.000000 0.000000 0.000000 0.000000 0.000000 0.000000 0.000000
0.000000 0.000000 0.000000 0.000000 0.000000 0.000000 0.000000 0.000000 0.000000 0.000000 0.000000 0.000000 0.000000 0.000000 0.000000 0.063382 0.477275 1.195069 1.794070 1.772580 1.771336 2.149644 2.008632 1.795215 1.585333 1.561146 1.418680 1.682673 2.037984 2.749067 2.996382 3.397717 3.276823 2.785551 2.090750 1.392147 0.627684 0.368589 0.198737 0.000000 0.000000 0.000000 0.000000 0.000000 0.000000 0.000000 0.000000 0.000000 0.000000 0.000000 0.000000 0.000000
0.000000 0.000000 0.000000 0.000000 0.000000 0.000000 0.000000 0.000000 0.000000 0.000000 0.000000 0.000000 0.000000 0.000000 0.000000 0.117100 0.404823 0.772892 0.951410 1.356206 1.666966 1.988337 2.306792 2.239726 1.497471 1.166581 0.977605 1.026472 1.265686 1.919105 2.480165 2.683635 2.798531 2.391329 1.647599 1.054522 0.512172 0.134634 0.133193 0.000000 0.000000 0.000000 0.000000 0.000000 0.000000 0.000000 0.000000 0.000000 0.000000 0.000000 0.000000 0.000000
0.000000 0.000000 0.000000 0.000000 0.000000 0.000000 0.000000 0.000000 0.000000 0.000000 0.000000 0.000000 0.000000 0.000000 0.000000 0.000000 0.234032 0.376890 0.573551 0.915445 1.643177 1.870759 1.937392 2.029220 1.166436 0.732024 0.493434 0.462968 0.904371 1.593255 2.001447 2.352294 2.442225 1.713315 1.031222 0.491538 0.329219 0.000000 0.000000 0.000000 0.000000 0.000000 0.000000 0.000000 0.000000 0.000000 0.000000 0.000000 0.000000 0.000000 0.000000 0.000000
0.000000 0.000000 0.000000 0.000000 0.000000 0.000000 0.000000 0.000000 0.000000 0.000000 0.000000 0.000000 0.000000 0.000000 0.000000 0.000000 0.128461 0.243930 0.308290 0.653774 1.402679 1.541073 1.350578 1.559098 1.278250 0.775334 0.786569 0.754594 0.716342 0.968350 1.364705 1.992756 2.639407 1.755118 0.910193 0.463924 0.084574 0.000000 0.000000 0.000000 0.000000 0.000000 0.000000 0.000000 0.000000 0.000000 0.000000 0.000000 0.000000 0.000000 0.000000 0.000000
0.000000 0.000000 0.000000 0.000000 0.000000 0.000000 0.000000 0.000000 0.000000 0.000000 0.000000 0.000000 0.000000 0.000000 0.000000 0.000000 0.065091 0.265559 0.359435 0.494265 0.734808 1.274734 1.565719 1.849188 1.312410 1.059240 1.065035 1.100618 0.769638 0.802682 0.987638 1.396140 1.821652 1.557617 1.066763 0.278948 0.191015 0.000000 0.000000 0.000000 0.000000 0.000000 0.000000 0.000000 0.000000 0.000000 0.000000 0.000000 0.000000 0.000000 0.000000 0.000000
0.000000 0.000000 0.000000 0.000000 0.000000 0.000000 0.000000 0.000000 0.000000 0.000000 0.000000 0.000000 0.000000 0.000000 0.000000 0.000000 0.000000 0.055956 0.341323 0.431259 0.810922 1.631434 1.911679 1.950543 1.334835 0.790178 0.801596 1.060807 0.958397 1.157533 1.028746 0.892835 0.834260 0.767773 0.556850 0.253074 0.074517 0.000000 0.000000 0.000000 0.000000 0.000000 0.000000 0.000000 0.000000 0.000000 0.000000 0.000000 0.000000 0.000000 0.000000 0.000000
0.000000 0.000000 0.000000 0.000000 0.000000 0.000000 0.000000 0.000000 0.000000 0.000000 0.000000 0.000000 0.000000 0.000000 0.000000 0.000000 0.119766 0.232587 0.279951 0.616891 1.294390 1.847079 1.675907 1.378979 1.065444 0.644885 0.766117 1.061119 1.096503 1.097464 1.422691 1.159082 0.619353 0.445243 0.228486 0.324993 0.237204 0.000000 0.000000 0.000000 0.000000 0.000000 0.000000 0.000000 0.000000 0.000000 0.000000 0.000000 0.000000 0.000000 0.000000 0.000000
0.000000 0.000000 0.000000 0.000000 0.000000 0.000000 0.000000 0.000000 0.000000 0.000000 0.000000 0.000000 0.000000 0.000000 0.000000 0.000000 0.195771 0.364233 0.497707 0.586604 1.044498 1.537328 1.339177 1.145590 1.021290 0.694138 0.768061 1.014109 1.006732 1.129420 1.671075 1.460955 0.789680 0.510441 0.435972 0.333685 0.270030 0.209519 0.000000 0.000000 0.000000 0.000000 0.000000 0.000000 0.000000 0.000000 0.000000 0.000000 0.000000 0.000000 0.000000 0.000000
0.000000 0.000000 0.000000 0.000000 0.000000 0.000000 0.000000 0.000000 0.000000 0.000000 0.000000 0.000000 0.000000 0.000000 0.000000 0.000000 0.128693 0.651379 0.687252 0.607388 0.719120 1.019029 1.020824 1.051766 0.847088 0.511118 0.575969 0.604853 0.879739 1.043446 1.473142 1.202137 0.890703 0.495815 0.397488 0.265217 0.165473 0.096115 0.000000 0.000000 0.000000 0.000000 0.000000 0.000000 0.000000 0.000000 0.000000 0.000000 0.000000 0.000000 0.000000 0.000000
0.000000 0.000000 0.000000 0.000000 0.000000 0.000000 0.000000 0.000000 0.000000 0.000000 0.000000 0.000000 0.000000 0.000000 0.000000 0.252659 0.359404 0.704486 0.893288 0.729692 1.064749 1.206623 1.286557 1.225552 0.967949 0.882993 0.637845 0.526689 0.784516 1.362643 1.744447 1.608187 0.834661 0.546974 0.338862 0.197112 0.208481 0.079499 0.000000 0.000000 0.000000 0.000000 0.000000 0.000000 0.000000 0.000000 0.000000 0.000000 0.000000 0.000000 0.000000 0.000000
0.000000 0.000000 0.000000 0.000000 0.000000 0.000000 0.000000 0.000000 0.000000 0.000000 0.000000 0.000000 0.000000 0.000000 0.000000 0.383713 0.709091 1.158879 1.615200 1.763379 1.697102 1.774522 2.294492 1.920568 1.870579 1.442687 1.058916 0.833307 1.144315 1.378950 1.904919 1.780749 1.378123 1.256655 0.450460 0.132719 0.060217 0.000000 0.000000 0.000000 0.000000 0.000000 0.000000 0.000000 0.000000 0.000000 0.000000 0.000000 0.000000 0.000000 0.000000 0.000000
0.000000 0.000000 0.000000 0.000000 0.000000 0.000000 0.000000 0.000000 0.000000 0.000000 0.000000 0.000000 0.000000 0.000000 0.000000 0.302462 0.764899 1.346023 1.985587 2.366556 2.797209 2.484526 2.768652 2.203521 1.936128 1.534098 1.249105 1.340396 1.767321 1.653339 1.548145 1.821787 1.832861 1.554155 0.746306 0.135362 0.184285 0.068904 0.000000 0.000000 0.000000 0.000000 0.000000 0.000000 0.000000 0.000000 0.000000 0.000000 0.000000 0.000000 0.000000 0.000000
0.000000 0.000000 0.000000 0.000000 0.000000 0.000000 0.000000 0.000000 0.000000 0.000000 0.000000 0.000000 0.000000 0.000000 0.000000 0.204234 1.269311 1.744633 2.169334 3.031786 3.403652 3.300508 3.470810 2.921551 2.349295 1.948088 1.711555 1.901745 2.096254 1.999899 1.839309 2.137973 2.257280 2.081988 1.552207 1.211135 0.587051 0.335345 0.000000 0.000000 0.000000 0.000000 0.000000 0.000000 0.000000 0.000000 0.000000 0.000000 0.000000 0.000000 0.000000 0.000000
0.000000 0.000000 0.000000 0.000000 0.000000 0.000000 0.000000 0.000000 0.000000 0.000000 0.000000 0.000000 0.000000 0.000000 0.000000 0.196332 0.710572 1.551487 2.242319 2.895643 3.426046 3.573236 3.619239 3.252908 2.566962 1.620709 1.479591 1.856895 1.924617 1.870891 2.346952 2.231599 2.080764 1.935601 1.850662 1.574438 1.029617 0.520625 0.069823 0.000000 0.000000 0.000000 0.000000 0.000000 0.000000 0.000000 0.000000 0.000000 0.000000 0.000000 0.000000 0.000000
0.000000 0.000000 0.000000 0.000000 0.000000 0.000000 0.000000 0.000000 0.000000 0.000000 0.000000 0.000000 0.000000 0.000000 0.000000 0.000000 0.244914 0.746077 1.358271 2.350063 3.407093 3.772343 3.697755 3.191947 2.611400 1.931335 1.310180 1.394931 1.636080 1.718029 2.287098 2.291886 1.425974 1.268852 1.065494 0.954194 0.541901 0.317764 0.132745 0.072332 0.000000 0.000000 0.000000 0.000000 0.000000 0.000000 0.000000 0.000000 0.000000 0.000000 0.000000 0.000000
0.000000 0.000000 0.000000 0.000000 0.000000 0.000000 0.000000 0.000000 0.000000 0.000000 0.000000 0.000000 0.000000 0.000000 0.000000 0.000000 0.258227 1.168859 1.333704 2.105625 2.950443 3.273095 3.195193 3.124111 2.738715 2.073154 1.849283 1.609535 1.219151 1.257072 1.398923 2.162849 1.602637 1.020623 0.803215 0.554230 0.265396 0.073066 0.247030 0.055929 0.000000 0.000000 0.000000 0.000000 0.000000 0.000000 0.000000 0.000000 0.000000 0.000000 0.000000 0.000000
0.000000 0.000000 0.000000 0.000000 0.000000 0.000000 0.000000 0.000000 0.000000 0.000000 0.000000 0.000000 0.000000 0.000000 0.000000 0.000000 0.332694 1.128168 1.409504 1.807096 2.656103 2.831394 2.927544 3.175622 3.191532 2.558889 2.214811 1.735425 1.171792 1.404747 1.553719 2.163747 2.151476 1.548899 1.443971 0.966209 0.339858 0.332659 0.203814 0.057838 0.000000 0.000000 0.000000 0.000000 0.000000 0.000000 0.000000 0.000000 0.000000 0.000000 0.000000 0.000000
0.000000 0.000000 0.000000 0.000000 0.000000 0.000000 0.000000 0.000000 0.000000 0.000000 0.000000 0.000000 0.000000 0.000000 0.000000 0.000000 0.187381 1.010801 1.141480 1.284105 1.871599 2.350704 3.002390 3.321775 3.378598 3.253920 2.903482 2.109686 1.719853 1.727819 1.614628 1.868746 2.056711 2.611571 2.457464 1.625449 1.216905 0.566857 0.530841 0.243851 0.180462 0.000000 0.000000 0.000000 0.000000 0.000000 0.000000 0.000000 0.000000 0.000000 0.000000 0.000000
0.000000 0.000000 0.000000 0.000000 0.000000 0.000000 0.000000 0.000000 0.000000 0.000000 0.000000 0.000000 0.000000 0.000000 0.000000 0.000000 0.064503 0.617480 1.190114 1.301972 1.811714 2.692427 3.440625 3.254243 3.454284 3.508779 3.554280 3.161181 2.737298 2.288688 2.371284 2.172521 2.359582 3.008217 2.631784 1.952474 1.323197 0.717752 0.525074 0.425272 0.211391 0.216867 0.064567 0.000000 0.000000 0.000000 0.000000 0.000000 0.000000 0.000000 0.000000 0.000000
0.000000 0.000000 0.000000 0.000000 0.000000 0.000000 0.000000 0.000000 0.000000 0.000000 0.000000 0.000000 0.000000 0.000000 0.000000 0.000000 0.000000 0.551275 0.836230 1.322576 1.817016 2.219529 2.789484 2.957628 3.272676 3.649379 3.710623 3.839854 3.674389 3.181500 2.888121 2.820299 2.856826 3.056010 2.626436 1.962913 1.156940 0.683365 0.598354 0.511336 0.414915 0.249528 0.148428 0.000000 0.000000 0.000000 0.000000 0.000000 0.000000 0.000000 0.000000 0.000000
0.000000 0.000000 0.000000 0.000000 0.000000 0.000000 0.000000 0.000000 0.000000 0.000000 0.000000 0.000000 0.000000 0.000000 0.000000 0.000000 0.000000 0.128670 0.384886 0.476335 0.977792 1.972231 2.270461 2.329807 2.959755 3.595027 3.940073 3.897158 3.607549 2.898275 2.586777 2.749842 2.788122 2.775649 2.483728 2.072749 1.168344 0.676998 0.453252 0.454767 0.350131 0.249377 0.144758 0.000000 0.000000 0.000000 0.000000 0.000000 0.000000 0.000000 0.000000 0.000000
0.000000 0.000000 0.000000 0.000000 0.000000 0.000000 0.000000 0.000000 0.000000 0.000000 0.000000 0.000000 0.000000 0.000000 0.000000 0.000000 0.000000 0.000000 0.114808 0.386589 0.667819 1.292145 1.658816 1.516622 2.209972 3.091294 3.443992 3.124312 2.368375 2.185820 1.734809 1.888225 2.264306 1.915282 1.782427 1.471872 0.996808 0.549252 0.212788 0.072819 0.097083 0.095996 0.000000 0.000000 0.000000 0.000000 0.000000 0.000000 0.000000 0.000000 0.000000 0.000000
0.000000 0.000000 0.000000 0.000000 0.000000 0.000000 0.000000 0.000000 0.000000 0.000000 0.000000 0.000000 0.000000 0.000000 0.000000 0.000000 0.000000 0.000000 0.000000 0.057884 0.181993 0.450522 1.008115 1.184181 1.250743 1.779581 2.741759 2.671641 2.226897 1.988661 1.341781 1.695427 1.719355 1.341749 1.215507 1.215971 0.918080 0.439546 0.062748 0.000000 0.000000 0.000000 0.000000 0.000000 0.000000 0.000000 0.000000 0.000000 0.000000 0.000000 0.000000 0.000000
0.000000 0.000000 0.000000 0.000000 0.000000 0.000000 0.000000 0.000000 0.000000 0.000000 0.000000 0.000000 0.000000 0.000000 0.000000 0.000000 0.000000 0.000000 0.000000 0.000000 0.000000 0.063662 0.424453 0.683493 1.140870 1.660632 2.190611 2.271573 1.913521 1.747149 1.571527 1.831918 1.353007 1.054176 0.712227 0.740947 0.613558 0.410080 0.000000 0.000000 0.000000 0.000000 0.000000 0.000000 0.000000 0.000000 0.000000 0.000000 0.000000 0.000000 0.000000 0.000000
0.000000 0.000000 0.000000 0.000000 0.000000 0.000000 0.000000 0.000000 0.000000 0.000000 0.000000 0.000000 0.000000 0.000000 0.000000 0.000000 0.000000 0.000000 0.000000 0.000000 0.000000 0.000000 0.278496 0.752918 1.101828 1.607079 1.603564 1.526429 1.350307 1.633665 1.697955 1.817404 1.196093 0.842333 0.682474 0.705824 0.568398 0.351905 0.055760 0.000000 0.000000 0.000000 0.000000 0.000000 0.000000 0.000000 0.000000 0.000000 0.000000 0.000000 0.000000 0.000000
0.000000 0.000000 0.000000 0.000000 0.000000 0.000000 0.000000 0.000000 0.000000 0.000000 0.000000 0.000000 0.000000 0.000000 0.000000 0.000000 0.000000 0.000000 0.000000 0.000000 0.000000 0.000000 0.000000 0.065964 0.586018 0.877585 0.763626 1.081873 0.810451 1.238429 1.279588 1.202841 0.737554 0.451622 0.405373 0.411576 0.384624 0.174027 0.127506 0.000000 0.000000 0.000000 0.000000 0.000000 0.000000 0.000000 0.000000 0.000000 0.000000 0.000000 0.000000 0.000000
0.000000 0.000000 0.000000 0.000000 0.000000 0.000000 0.000000 0.000000 0.000000 0.000000 0.000000 0.000000 0.000000 0.000000 0.000000 0.000000 0.000000 0.000000 0.000000 0.000000 0.000000 0.000000 0.000000 0.000000 0.115795 0.540390 0.497241 0.538696 0.415490 0.452003 0.452208 0.650925 0.539192 0.286989 0.203492 0.202841 0.138962 0.161804 0.085859 0.000000 0.000000 0.000000 0.000000 0.000000 0.000000 0.000000 0.000000 0.000000 0.000000 0.000000 0.000000 0.000000
0.000000 0.000000 0.000000 0.000000 0.000000 0.000000 0.000000 0.000000 0.000000 0.000000 0.000000 0.000000 0.000000 0.000000 0.000000 0.000000 0.000000 0.000000 0.000000 0.000000 0.000000 0.000000 0.000000 0.000000 0.000000 0.141349 0.193830 0.214216 0.223421 0.000000 0.000000 0.000000 0.077431 0.127292 0.061739 0.000000 0.064132 0.080875 0.073475 0.000000 0.000000 0.000000 0.000000 0.000000 0.000000 0.000000 0.000000 0.000000 0.000000 0.000000 0.000000 0.000000
