0.000000 0.000000 0.000000 0.000000 0.000000 0.000000 0.000000 0.000000 0.000000 0.000000 0.000000 0.127645 0.182481 0.139210 0.150355 0.000000 0.000000
0.000000 0.000000 0.000000 0.000000 0.000000 0.000000 0.000000 0.000000 0.000000 0.056825 0.250990 0.262120 0.258147 0.263586 0.276373 0.000000 0.000000
0.000000 0.000000 0.000000 0.000000 0.000000 0.000000 0.000000 0.295308 0.539351 0.808806 0.978204 0.795076 0.335478 0.313121 0.140595 0.000000 0.000000
0.000000 0.000000 0.000000 0.056578 0.078436 0.209055 0.932008 1.509373 2.085258 1.986451 1.896227 1.285016 0.489988 0.187341 0.000000 0.000000 0.000000
0.000000 0.000000 0.116518 0.278244 1.082845 2.493042 4.580335 4.917746 4.440740 3.737270 2.685373 1.122074 0.392466 0.062618 0.000000 0.000000 0.000000
0.000000 0.000000 0.064283 1.200480 4.770724 8.006653 8.554772 7.373276 5.651024 4.445409 3.514934 1.806709 0.363594 0.057370 0.000000 0.000000 0.000000
0.000000 0.062752 0.402525 5.250091 10.038122 11.790334 10.849584 8.543043 7.055084 5.954620 4.566397 2.204444 0.704779 0.066500 0.000000 0.000000 0.000000
0.000000 0.194123 2.376955 9.591938 13.040149 13.669240 12.052594 9.524795 8.108244 7.223965 5.203605 3.164341 0.834231 0.083772 0.000000 0.000000 0.000000
0.000000 0.340939 4.982241 11.948295 15.107576 15.061232 12.932702 9.932965 8.338847 7.341196 5.429502 3.091550 1.040075 0.184692 0.000000 0.000000 0.000000
0.074106 0.892268 6.483397 12.519367 15.124613 15.116949 13.251742 10.174672 8.776137 7.164610 5.916237 3.979396 1.403643 0.247666 0.060555 0.000000 0.000000
0.153962 1.651350 6.553514 12.153994 14.407835 14.552518 12.894358 10.339642 9.158173 7.810241 6.433427 4.629335 2.350655 0.908272 0.159916 0.070964 0.000000
0.220198 2.059933 6.030266 11.226045 13.507711 13.683278 12.127463 10.266085 9.376426 7.696959 6.213798 4.443009 3.142891 1.655605 0.570918 0.166941 0.000000
0.220393 2.305121 5.563440 9.886608 12.087269 12.291023 10.928268 9.430656 9.123718 7.577891 5.586589 4.307660 3.417785 1.865369 0.750159 0.317851 0.000000
0.000000 0.854206 2.248708 3.788172 5.034742 5.978450 5.624717 5.047566 4.664732 3.720943 2.733604 2.034212 1.421825 0.930102 0.649707 0.435330 0.000000
0.000000 0.271907 0.980093 2.349175 3.284830 3.865875 3.396282 3.173039 3.382146 2.593850 1.607638 0.860710 0.522854 0.352906 0.409180 0.346591 0.000000
0.000000 0.000000 0.309227 0.949126 2.013582 2.185991 2.388137 2.347271 2.458757 1.831925 1.011064 0.545943 0.328071 0.251428 0.253463 0.247059 0.066608
0.000000 0.000000 0.000000 0.125472 0.778634 1.130102 1.343340 1.239036 1.312657 1.204249 0.553172 0.283152 0.247221 0.150521 0.200689 0.167972 0.098410
0.000000 0.000000 0.000000 0.000000 0.000000 0.057802 0.198038 0.366649 0.459991 0.369718 0.065902 0.084943 0.087618 0.065105 0.059218 0.073358 0.084547
0.000000 0.000000 0.000000 0.000000 0.000000 0.000000 0.086192 0.133190 0.058238 0.000000 0.000000 0.000000 0.000000 0.000000 0.000000 0.000000 0.000000
