0.000000 0.000000 0.135302 0.199140 0.000000 0.000000 0.000000 0.000000 0.000000
0.000000 0.000000 0.130634 0.215032 0.385553 0.192979 0.000000 0.000000 0.000000
0.000000 0.000000 0.000000 0.601194 0.911917 0.532296 0.239538 0.000000 0.000000
0.000000 0.000000 0.308454 0.892415 1.211589 1.041988 0.140445 0.000000 0.000000
0.000000 0.247983 1.065377 2.690375 2.323388 1.413109 0.268643 0.119984 0.000000
0.116859 0.578524 1.718958 3.066672 2.810679 1.451220 0.539961 0.069355 0.000000
0.240189 0.920209 2.684717 3.439142 3.618218 2.431748 0.684451 0.138599 0.000000
0.304798 1.179342 3.145554 4.501774 4.097429 2.926878 1.192494 0.438343 0.063956
0.255371 0.660314 2.294731 3.827848 3.335991 2.052223 1.106789 0.519503 0.211280
0.078279 0.330300 0.538587 1.392656 1.083969 0.921151 0.493501 0.373047 0.076050
0.000000 0.000000 0.000000 0.059397 0.000000 0.062635 0.127238 0.000000 0.000000
