0.000000 0.000000 0.000000 0.000000 0.000000 0.000000 0.000000 0.000000 0.000000 0.000000 0.000000 0.000000 0.000000 0.000000 0.000000 0.000000 0.000000 0.000000 0.116370 0.189777 0.055761 0.000000 0.000000 0.000000
0.000000 0.000000 0.000000 0.000000 0.000000 0.000000 0.000000 0.000000 0.000000 0.000000 0.000000 0.000000 0.000000 0.000000 0.000000 0.000000 0.000000 0.464791 0.787309 0.635607 0.181839 0.000000 0.000000 0.000000
0.000000 0.000000 0.000000 0.000000 0.000000 0.000000 0.000000 0.000000 0.000000 0.000000 0.000000 0.000000 0.000000 0.000000 0.056505 0.180901 0.445547 0.999796 1.371186 0.817456 0.250555 0.000000 0.000000 0.000000
0.000000 0.000000 0.000000 0.000000 0.000000 0.000000 0.000000 0.000000 0.000000 0.000000 0.000000 0.000000 0.000000 0.060261 0.274776 0.693029 1.526542 2.426498 1.935503 0.865895 0.255067 0.000000 0.000000 0.000000
0.000000 0.000000 0.000000 0.000000 0.000000 0.000000 0.000000 0.000000 0.000000 0.000000 0.000000 0.000000 0.000000 0.245853 0.521132 2.872183 4.462676 4.236851 2.643836 1.031050 0.333449 0.000000 0.000000 0.000000
0.000000 0.000000 0.000000 0.000000 0.000000 0.000000 0.000000 0.000000 0.000000 0.000000 0.066848 0.129024 0.380971 0.826134 2.387318 4.588744 5.515154 4.593388 2.253699 0.423450 0.061241 0.000000 0.000000 0.000000
0.000000 0.000000 0.000000 0.000000 0.000000 0.000000 0.000000 0.000000 0.000000 0.132925 0.162432 0.312122 0.521234 1.891776 4.049561 5.382993 5.566012 3.920308 1.363297 0.482092 0.188715 0.058589 0.056967 0.000000
0.000000 0.000000 0.000000 0.000000 0.000000 0.000000 0.000000 0.000000 0.000000 0.203932 0.587719 1.295816 2.128112 3.693555 5.165424 5.629014 4.796331 2.648138 1.153836 0.337047 0.191775 0.137131 0.131516 0.067278
0.000000 0.000000 0.000000 0.000000 0.000000 0.000000 0.000000 0.000000 0.063123 0.331282 1.360595 3.281859 4.051847 5.114529 5.889834 5.603717 4.199123 2.026950 0.941168 0.453171 0.135492 0.144003 0.144342 0.064096
0.000000 0.000000 0.000000 0.000000 0.000000 0.000000 0.000000 0.118571 0.201935 0.664398 2.799006 4.428670 5.664099 6.483592 6.340175 5.504076 3.976929 2.355080 1.279921 0.527223 0.060750 0.123292 0.204552 0.124534
0.000000 0.000000 0.000000 0.000000 0.000000 0.000000 0.065070 0.266432 0.331733 1.982092 4.157024 5.653670 6.657062 6.948641 6.311641 5.416082 3.861322 2.502462 1.297654 0.346758 0.060848 0.000000 0.000000 0.000000
0.000000 0.000000 0.000000 0.000000 0.000000 0.000000 0.127039 0.358366 0.943000 2.592051 4.857831 5.772079 6.042368 6.002161 5.916423 4.553448 3.478723 2.273604 0.957696 0.178182 0.000000 0.000000 0.000000 0.000000
0.000000 0.000000 0.000000 0.000000 0.000000 0.000000 0.118831 0.485066 1.349572 2.760112 4.359769 5.296544 5.777536 5.666731 4.872297 3.592465 2.642555 1.733059 0.640161 0.125798 0.000000 0.000000 0.000000 0.000000
0.000000 0.000000 0.000000 0.000000 0.000000 0.056061 0.382110 0.899345 1.541383 2.586419 3.354213 4.716343 5.597839 5.637655 4.701564 3.391080 2.082924 0.890787 0.278608 0.206100 0.069195 0.000000 0.000000 0.000000
0.000000 0.000000 0.000000 0.000000 0.000000 0.073470 0.403304 0.938624 1.870439 2.875997 3.870236 4.876661 5.621556 5.279572 4.051043 2.547726 1.383500 0.644847 0.332554 0.202656 0.121987 0.000000 0.000000 0.000000
0.000000 0.000000 0.000000 0.000000 0.000000 0.126581 0.594939 1.256782 2.704566 3.890165 4.767433 5.041306 4.770401 4.158969 2.959612 1.825400 1.178011 0.612953 0.398096 0.073109 0.000000 0.000000 0.000000 0.000000
0.000000 0.000000 0.000000 0.000000 0.000000 0.137005 1.057789 2.458665 3.908435 4.720948 5.117770 4.972958 4.028287 3.276758 2.608474 1.689724 1.207420 0.780234 0.281369 0.124881 0.000000 0.000000 0.000000 0.000000
0.000000 0.000000 0.000000 0.056908 0.058704 0.333695 1.338069 3.318593 4.189567 4.627116 4.539700 3.880536 2.843612 2.348167 1.713663 1.293899 0.835912 0.503000 0.251819 0.000000 0.000000 0.000000 0.000000 0.000000
0.000000 0.000000 0.000000 0.132775 0.255231 0.819628 1.515988 3.425962 4.023693 4.132234 3.866195 2.873524 1.962326 1.352291 1.100334 0.732565 0.443745 0.341662 0.195412 0.000000 0.000000 0.000000 0.000000 0.000000
0.000000 0.000000 0.000000 0.358247 0.474286 1.097571 1.679490 2.821792 3.502601 3.479479 3.097238 1.941644 1.257118 0.666170 0.551958 0.390777 0.134186 0.189786 0.073679 0.000000 0.000000 0.000000 0.000000 0.000000
0.000000 0.061887 0.403099 0.486632 0.791139 0.988455 1.446472 2.340265 2.435222 2.394578 1.850118 1.371665 0.844291 0.349017 0.244058 0.113062 0.082115 0.143008 0.073215 0.000000 0.000000 0.000000 0.000000 0.000000
0.082057 0.128689 0.422450 0.849228 0.933257 0.855339 1.224091 1.595908 1.541055 1.394229 1.155574 0.759583 0.350000 0.257405 0.205065 0.127992 0.000000 0.000000 0.000000 0.000000 0.000000 0.000000 0.000000 0.000000
0.171499 0.411475 0.802870 1.339735 1.384920 1.457839 1.432379 1.431501 1.118925 1.122137 0.613106 0.313597 0.061914 0.059818 0.000000 0.000000 0.000000 0.000000 0.000000 0.000000 0.000000 0.000000 0.000000 0.000000
0.141066 0.451973 1.163177 1.550186 1.938201 2.225444 2.217050 1.785987 1.518367 1.246667 0.713434 0.257492 0.000000 0.000000 0.000000 0.000000 0.000000 0.000000 0.000000 0.000000 0.000000 0.000000 0.000000 0.000000
0.057258 0.346589 0.933391 1.475369 1.985032 2.631370 2.745151 2.281098 1.795899 1.364289 0.739566 0.489991 0.119776 0.000000 0.000000 0.000000 0.000000 0.000000 0.000000 0.000000 0.000000 0.000000 0.000000 0.000000
0.062585 0.332405 0.549271 1.262503 2.107971 2.527318 2.654589 2.288252 1.523346 1.071320 0.838371 0.477225 0.070184 0.000000 0.000000 0.000000 0.000000 0.000000 0.000000 0.000000 0.000000 0.000000 0.000000 0.000000
0.065419 0.159590 0.332924 0.572300 1.612566 2.115949 2.245843 1.800761 1.149886 0.683111 0.516363 0.137601 0.000000 0.000000 0.000000 0.000000 0.000000 0.000000 0.000000 0.000000 0.000000 0.000000 0.000000 0.000000
0.122421 0.218141 0.204390 0.460460 1.321897 1.637606 1.377741 1.064477 0.345524 0.234012 0.000000 0.000000 0.000000 0.000000 0.000000 0.000000 0.000000 0.000000 0.000000 0.000000 0.000000 0.000000 0.000000 0.000000
0.123006 0.198778 0.187424 0.499260 0.795035 1.147974 1.085586 0.806798 0.349807 0.132476 0.000000 0.000000 0.000000 0.000000 0.000000 0.000000 0.000000 0.000000 0.000000 0.000000 0.000000 0.000000 0.000000 0.000000
0.124650 0.329204 0.444589 0.770961 0.820141 1.101819 0.723756 0.464631 0.164082 0.058824 0.000000 0.000000 0.000000 0.000000 0.000000 0.000000 0.000000 0.000000 0.000000 0.000000 0.000000 0.000000 0.000000 0.000000
0.136219 0.433307 0.613216 1.032806 1.242150 1.214232 0.928494 0.466094 0.231593 0.056157 0.000000 0.000000 0.000000 0.000000 0.000000 0.000000 0.000000 0.000000 0.000000 0.000000 0.000000 0.000000 0.000000 0.000000
0.133997 0.461148 0.757888 1.044102 1.414882 1.409594 0.987935 0.388577 0.243561 0.055972 0.000000 0.000000 0.000000 0.000000 0.000000 0.000000 0.000000 0.000000 0.000000 0.000000 0.000000 0.000000 0.000000 0.000000
0.078823 0.467588 0.771311 1.066724 1.391465 1.326413 0.765415 0.403194 0.248182 0.114086 0.000000 0.000000 0.000000 0.000000 0.000000 0.000000 0.000000 0.000000 0.000000 0.000000 0.000000 0.000000 0.000000 0.000000
