0.000000 0.000000 0.000000 0.000000 0.000000 0.136549 0.308400 0.329500 0.242046 0.061247 0.000000 0.000000 0.000000
0.000000 0.000000 0.000000 0.470356 0.848046 1.097035 0.814078 0.939182 1.040238 0.390345 0.062865 0.058839 0.000000
0.000000 0.130072 0.701012 2.497081 3.503145 3.820516 3.213471 2.475275 2.258995 0.819829 0.511672 0.266582 0.055630
0.000000 0.389038 2.074825 4.905719 6.248268 6.831408 6.318288 4.735444 3.193432 1.937927 1.091918 0.777885 0.060584
0.056617 0.831219 4.589286 7.346890 8.913650 8.947702 8.136333 6.716093 3.939813 2.386699 1.212375 0.509233 0.000000
0.116219 1.117669 6.129117 8.421529 9.283371 9.631700 8.801384 7.117706 4.684246 2.598035 0.651490 0.133907 0.000000
0.061670 0.815296 5.681523 7.673201 8.638811 8.520292 8.125771 6.705720 5.016506 3.141381 0.854679 0.069628 0.000000
0.000000 0.113303 4.166584 6.119153 6.619613 6.598787 6.544671 5.644188 4.414099 2.978150 1.012098 0.056832 0.000000
0.000000 0.112389 0.477564 3.237034 4.165535 4.604233 5.005872 4.506309 3.649155 2.623807 1.228915 0.309336 0.000000
0.000000 0.000000 0.240743 0.405372 0.697645 1.762951 3.116958 2.961533 1.765891 0.899676 0.529630 0.061385 0.000000
0.000000 0.000000 0.000000 0.067589 0.314005 0.443985 0.925100 1.037934 0.518354 0.412491 0.192087 0.059918 0.000000
0.000000 0.000000 0.000000 0.000000 0.000000 0.061800 0.185423 0.068536 0.113401 0.065210 0.000000 0.000000 0.000000
