0.000000 0.000000 0.000000 2.737320 1.749820 0.370423 0.000000 0.000000 0.000000
0.000000 0.000000 3.325027 2.440788 1.509370 0.179096 0.000000 0.000000 0.000000
0.000000 4.583292 3.151024 2.483607 0.701114 0.186570 0.000000 0.000000 0.000000
0.000000 4.078585 3.494799 2.756625 1.537006 0.188209 0.000000 0.000000 0.000000
0.000000 4.108061 3.029890 3.670172 2.060298 0.706540 0.000000 0.000000 0.000000
0.000000 6.762203 2.997453 1.675997 0.780895 0.133729 0.000000 0.000000 0.000000
0.000000 5.550189 4.761262 3.764259 2.298973 0.652034 0.000000 0.000000 0.000000
0.000000 5.535870 4.809152 3.920435 0.502621 0.236444 0.000000 0.000000 0.000000
0.000000 5.659758 4.827367 3.914097 0.440005 0.059084 0.000000 0.000000 0.000000
0.000000 3.247284 2.558646 1.782383 0.314948 0.000000 0.000000 0.000000 0.000000
5.492134 3.674841 2.801829 2.029518 0.478720 0.000000 0.000000 0.000000 0.000000
5.492134 3.715613 3.064887 2.078432 0.599539 0.000000 0.000000 0.000000 0.000000
5.492134 3.748425 3.108371 1.126574 0.549569 0.081039 0.119191 0.064477 0.064252
0.000000 3.906090 3.213620 1.063322 0.683659 0.391772 0.281186 0.198825 0.185924
0.000000 0.000000 5.575540 1.501527 1.158868 0.638528 0.274638 0.120083 0.000000
0.000000 0.000000 1.521182 1.230065 0.157366 0.102247 0.000000 0.000000 0.000000
0.000000 1.931189 1.237923 1.017917 0.155729 0.099154 0.000000 0.000000 0.000000
0.000000 1.418875 1.228877 1.007089 0.568854 0.061555 0.000000 0.000000 0.000000
0.000000 1.413660 1.220769 1.018405 0.577533 0.064089 0.000000 0.000000 0.000000
0.000000 1.610922 0.966315 0.739425 0.130813 0.049808 0.000000 0.000000 0.000000
0.000000 2.461995 1.818617 1.339755 0.118559 0.000000 0.000000 0.000000 0.000000
0.000000 2.299285 1.751048 1.286394 0.129947 0.000000 0.000000 0.000000 0.000000
0.000000 2.288391 0.630709 0.419802 0.070302 0.000000 0.000000 0.000000 0.000000
0.000000 0.212281 0.188868 0.138576 0.000000 0.000000 0.000000 0.000000 0.000000
0.188047 0.153420 0.085541 0.061628 0.000000 0.000000 0.000000 0.000000 0.000000
0.170830 0.152744 0.084872 0.000000 0.000000 0.000000 0.000000 0.000000 0.000000
0.188047 0.152132 0.084573 0.000000 0.000000 0.000000 0.000000 0.000000 0.000000
0.000000 0.163393 0.084221 0.000000 0.000000 0.000000 0.000000 0.000000 0.000000
