0.000000 0.000000 0.000000 0.000000 0.000000 0.000000 0.000000 0.000000 0.000000 0.055283 0.062316 0.062684 0.115975 0.116924 0.059039 0.000000 0.000000 0.000000 0.052880 0.209203 0.210686 0.212353 0.050293 0.050135 0.221166 0.187108 0.178777 0.065586 0.107122 0.000000 0.000000 0.000000 0.000000 0.000000 0.000000 0.118602 0.074039 0.172285 0.123066 0.056623 0.049785 0.000000 0.000000 0.052154 0.060283 0.000000 0.171368 0.349562 0.397900 0.280648 0.266312 0.113144 0.050961 0.050972 0.208068 0.113020 0.119796 0.161126 0.050730 0.056254 0.000000 0.000000 0.000000
0.000000 0.000000 0.000000 0.000000 0.000000 0.000000 0.000000 0.000000 0.159878 0.400753 0.330801 0.216632 0.295380 0.801191 0.840552 0.397119 0.226348 0.741116 1.789457 3.778486 3.307144 3.376638 3.851136 3.809779 2.767186 1.517121 0.873811 1.397562 0.449817 0.375978 0.903899 2.231615 1.486336 0.687275 0.563299 0.574742 0.986242 1.267185 0.725961 0.833618 1.407622 1.909823 1.276118 1.274454 1.566929 1.633770 1.000116 1.416265 3.237760 5.288164 5.192323 4.849546 4.229698 4.665439 5.078168 4.719301 1.276752 0.347904 0.273166 0.504221 0.566073 0.437332 0.049641
0.000000 0.000000 0.000000 0.000000 0.000000 0.000000 0.060464 0.113380 0.482393 5.538764 5.354741 2.497140 4.722388 6.266834 6.135453 4.264723 4.044681 6.011789 7.312640 7.612885 7.647685 7.499280 7.542772 7.231065 6.431346 5.609619 5.585131 6.384606 5.731463 2.989306 3.828213 5.204880 5.186268 5.465726 4.787853 5.469713 5.637908 5.171902 5.414832 6.066995 7.235135 7.617318 7.358446 7.579182 8.053030 7.881356 7.346539 7.255034 7.446808 7.940285 8.962913 9.385588 9.181923 9.015258 9.025859 9.001467 7.970590 6.960421 6.500705 7.402794 8.123024 1.149969 0.170126
0.000000 0.108293 0.164804 0.297760 0.497128 0.794017 0.799938 0.864419 1.424563 6.253335 6.904192 6.540075 6.630170 7.249184 7.322362 7.282142 7.476707 8.188536 8.551001 8.439607 8.537227 8.162154 8.332316 8.570172 8.506520 8.340802 8.081663 7.925408 7.693329 6.937709 6.902299 7.113643 7.041391 7.294127 7.911563 8.000823 7.714143 7.373885 7.524308 8.003491 9.122054 9.209016 8.715525 8.749448 9.155470 9.048104 8.876608 8.862113 8.667175 8.819782 9.465235 9.896206 9.693927 9.431080 9.008824 8.631332 7.715311 7.041196 6.558779 6.680386 7.406221 1.165668 0.123019
0.166121 0.782309 0.929797 1.231412 2.754194 3.650076 4.292897 5.454134 5.931896 6.417377 7.447121 7.972194 8.506178 8.557969 8.172280 8.322655 8.876695 9.231304 8.972773 8.928475 8.907654 8.947326 9.255912 9.944558 10.163855 9.895332 9.698544 9.209591 8.753206 8.780707 9.113195 9.315722 9.229600 9.060010 9.203027 9.413302 9.109515 9.004419 9.134596 9.285705 9.783066 10.058571 9.866243 9.596211 9.700183 9.885025 10.181164 10.154536 10.064748 9.964690 9.704382 9.728423 10.350221 10.411889 9.770720 8.401111 5.551600 0.931968 0.744010 1.069350 1.324378 0.671129 0.170745
0.000000 0.232633 0.546121 0.544801 0.678176 0.655752 1.114662 2.083010 2.197824 2.929453 5.174968 6.275924 7.137690 7.276434 6.596738 6.230466 7.038990 7.538750 6.935373 7.109193 7.470653 7.738387 8.027111 8.200552 7.960629 7.644481 7.540324 7.169671 6.305546 6.760002 7.715487 8.186021 7.775739 7.078000 7.068291 7.415791 7.510781 7.642049 7.765258 7.509057 7.259676 7.414732 7.405597 7.060611 7.338208 7.712671 8.129304 8.277073 8.361335 7.944807 7.213429 7.575018 8.654683 9.063976 8.444188 6.861297 1.113585 0.111795 0.112994 0.131508 0.274298 0.000000 0.000000
0.000000 0.000000 0.000000 0.000000 0.000000 0.000000 0.000000 0.000000 0.059994 0.104432 0.270792 0.325002 0.287617 0.355548 0.222957 0.052612 0.108545 0.266539 0.228899 0.329982 0.418903 1.107806 1.447704 0.785912 0.841061 1.939023 2.242738 0.944077 0.741710 1.341648 1.851004 1.362159 1.014076 0.563767 0.698172 0.716995 0.401259 0.445321 1.002200 0.683998 0.375304 0.151863 0.208464 0.106991 0.329141 0.328838 0.919391 0.974661 1.146222 0.870174 0.714620 0.883429 1.773151 2.650494 1.897858 1.006806 0.557497 0.228651 0.053153 0.000000 0.000000 0.000000 0.000000
0.000000 0.000000 0.000000 0.000000 0.000000 0.000000 0.000000 0.000000 0.000000 0.000000 0.063633 0.112268 0.293014 0.349603 0.133332 0.107709 0.100192 0.052554 0.063149 0.278036 1.192187 4.941756 5.653086 4.556092 5.217198 5.928117 5.135307 2.979365 1.294571 3.286803 4.133922 2.108865 0.676359 1.022955 0.970443 0.588490 0.447329 0.357682 0.562171 0.841428 0.745531 0.399839 0.323543 0.269891 0.342216 0.779602 2.895595 1.532055 0.816419 0.663325 1.295142 1.433905 2.534752 2.301694 1.671853 1.070268 0.464577 0.377567 0.116917 0.000000 0.000000 0.000000 0.000000
0.000000 0.000000 0.000000 0.000000 0.000000 0.000000 0.000000 0.000000 0.000000 0.114884 0.312489 0.892448 2.941334 3.366140 3.582421 4.449645 4.287166 2.900759 0.604745 2.509201 6.056647 7.214663 7.588570 8.234432 8.906977 9.155578 8.412074 7.681112 7.361831 7.798470 7.736421 7.137995 6.591455 6.343366 5.457906 4.093981 3.567004 4.386631 5.489275 5.640267 6.125020 6.133180 6.483131 6.017660 5.752898 6.496557 6.958440 7.233410 6.940805 6.519023 6.056649 6.724741 6.989317 6.989640 6.177059 3.724984 0.618577 0.226234 0.052218 0.000000 0.000000 0.000000 0.000000
0.000000 0.000000 0.000000 0.000000 0.000000 0.000000 0.000000 0.000000 0.000000 0.108575 0.137553 0.528764 1.429138 2.367460 3.397799 4.515229 3.838756 1.245087 0.344437 1.961980 3.751357 4.527159 5.552349 7.356930 8.482035 8.413523 7.888586 7.532035 7.769185 8.098037 7.803354 7.294696 6.732559 6.167330 4.842832 3.158364 3.311571 4.057449 4.442196 4.365320 5.079309 5.069866 5.540388 5.544970 5.732880 6.226087 6.332168 6.600153 6.651426 6.463143 6.211861 6.441387 6.469138 5.991970 5.136209 1.536820 0.296717 0.163431 0.055256 0.000000 0.000000 0.000000 0.000000
0.000000 0.000000 0.000000 0.000000 0.000000 0.000000 0.000000 0.000000 0.000000 0.099835 0.111925 0.111508 0.103828 1.031031 2.409643 4.096154 3.634191 2.395737 2.935093 4.204727 3.826045 3.129909 5.133517 6.971501 7.502510 7.643841 7.542690 7.745138 8.053499 7.785495 7.134362 6.833476 6.521970 6.325749 5.370986 4.131558 3.913240 4.037107 3.197521 3.449133 3.344657 3.405634 4.525738 5.389429 5.783005 6.115138 5.994721 5.831687 5.850807 6.634483 6.705729 6.555855 6.089351 5.213928 4.801849 4.572293 3.556697 1.567642 0.110616 0.000000 0.000000 0.000000 0.000000
0.000000 0.000000 0.000000 0.000000 0.000000 0.000000 0.000000 0.000000 0.000000 0.000000 0.052464 0.061093 0.056098 0.503431 1.277897 2.331060 2.025335 1.428252 1.837314 3.073275 2.323755 2.142573 4.418694 5.779160 5.796926 5.679299 5.919549 6.360083 6.371444 6.132382 5.690734 5.280420 4.913937 5.092676 4.434832 2.659626 2.017300 0.862016 0.647403 0.775410 1.324597 1.480848 1.515169 2.221697 3.826267 4.066744 4.120907 3.469061 3.816511 4.390271 4.392860 3.770726 3.404536 2.699694 2.023055 1.699745 1.538537 0.290642 0.000000 0.000000 0.000000 0.000000 0.000000
0.000000 0.000000 0.000000 0.000000 0.000000 0.000000 0.000000 0.000000 0.000000 0.000000 0.000000 0.000000 0.000000 0.105412 0.239376 0.100425 0.115283 0.219834 0.104930 0.193702 0.349129 0.392709 0.687833 2.684317 2.116920 1.275367 0.650700 1.199846 1.427527 0.968984 0.914026 0.811426 0.739053 0.549449 0.455472 0.528524 0.212074 0.114293 0.052603 0.000000 0.000000 0.174974 0.219894 0.211145 0.380371 0.465778 0.463937 0.399453 0.360784 0.376452 0.269117 0.224581 0.220351 0.215130 0.078225 0.130051 0.052617 0.000000 0.000000 0.000000 0.000000 0.000000 0.000000
0.000000 0.000000 0.000000 0.000000 0.000000 0.000000 0.000000 0.000000 0.000000 0.000000 0.000000 0.000000 0.000000 0.000000 0.000000 0.000000 0.000000 0.000000 0.000000 0.000000 0.000000 0.158750 0.661345 2.297907 3.420136 2.183216 0.727708 1.336287 1.489390 0.741744 0.305349 0.430488 0.325267 0.287070 0.051397 0.000000 0.000000 0.000000 0.000000 0.000000 0.000000 0.000000 0.000000 0.000000 0.000000 0.000000 0.000000 0.061775 0.120865 0.057126 0.109559 0.054358 0.000000 0.000000 0.000000 0.000000 0.000000 0.000000 0.000000 0.000000 0.000000 0.000000 0.000000
0.000000 0.000000 0.000000 0.000000 0.000000 0.000000 0.000000 0.000000 0.000000 0.000000 0.000000 0.000000 0.000000 0.000000 0.000000 0.000000 0.000000 0.000000 0.000000 0.000000 0.000000 0.069466 0.949236 2.378333 3.134015 3.244911 2.893174 2.319495 2.338973 1.244740 0.243593 0.186282 0.527240 0.128665 0.000000 0.000000 0.000000 0.000000 0.000000 0.000000 0.000000 0.000000 0.000000 0.000000 0.000000 0.000000 0.000000 0.125831 0.269364 0.284124 0.244913 0.065726 0.000000 0.000000 0.000000 0.000000 0.000000 0.000000 0.000000 0.000000 0.000000 0.000000 0.000000
0.000000 0.000000 0.000000 0.000000 0.000000 0.000000 0.000000 0.000000 0.000000 0.000000 0.000000 0.000000 0.000000 0.000000 0.000000 0.000000 0.000000 0.000000 0.000000 0.000000 0.000000 0.000000 0.060621 0.154604 0.272643 0.340462 0.171162 0.375128 0.341096 0.179980 0.058352 0.000000 0.000000 0.000000 0.000000 0.000000 0.000000 0.000000 0.000000 0.000000 0.000000 0.000000 0.000000 0.000000 0.000000 0.000000 0.000000 0.000000 0.049803 0.109423 0.055573 0.000000 0.000000 0.000000 0.000000 0.000000 0.000000 0.000000 0.000000 0.000000 0.000000 0.000000 0.000000
