0.000000 0.000000 0.000000 0.000000 0.000000 0.000000 0.137509 0.305275 0.443930 0.287819 0.352300 0.144001 0.000000 0.000000 0.000000 0.000000 0.000000 0.000000 0.000000 0.000000
0.000000 0.000000 0.000000 0.057288 0.238461 0.386068 0.829476 1.380826 1.207345 0.907452 1.133531 0.966873 0.605306 0.393598 0.123214 0.123116 0.056107 0.000000 0.000000 0.000000
0.000000 0.164672 0.332767 1.310242 2.664288 4.693950 5.860395 5.680905 6.024728 5.053614 4.607859 3.874006 3.598310 3.421528 1.977510 0.741667 0.194495 0.142976 0.194505 0.125124
0.141239 0.592979 1.502740 3.583687 5.397350 7.427287 8.347477 8.544355 8.130427 7.572496 7.192792 6.904825 5.687273 4.724485 3.833717 2.326129 1.293194 0.592612 0.304573 0.141138
0.166931 1.001808 2.554201 5.404562 7.728850 8.863336 9.659480 10.669995 10.412921 9.976624 9.366185 8.961998 7.862939 6.513303 5.477917 3.353892 2.620488 1.198221 0.480488 0.253224
0.232815 1.118743 2.642307 5.179702 7.745565 8.171554 8.813876 10.385044 10.968229 10.486329 9.763906 9.329998 8.097982 6.880358 5.501979 3.314195 2.325615 0.606029 0.405825 0.070978
0.130891 0.718732 1.726175 3.487241 4.833379 5.735857 7.193814 8.629739 9.718517 9.083047 8.671343 8.115525 6.778382 5.610688 3.999571 2.615941 1.647827 0.920718 0.270228 0.000000
0.078645 0.433696 0.983268 1.626008 2.493691 2.898847 3.755145 5.059323 6.218823 6.528364 6.260596 5.632447 4.766760 4.102052 2.711295 1.417884 0.646297 0.457596 0.250870 0.057246
0.069666 0.063035 0.703092 1.080867 1.481259 2.053967 2.561448 1.052927 1.223248 1.388454 1.337012 3.422193 3.118375 2.774720 1.897710 0.861888 0.487669 0.319399 0.134046 0.058485
0.000000 0.000000 0.066053 0.572339 0.602373 0.552730 0.746890 0.793429 0.778255 0.850852 0.746921 0.825155 0.612236 0.622424 0.488442 0.211577 0.225833 0.295972 0.064590 0.000000
0.000000 0.000000 0.056366 0.226672 0.223508 0.316763 0.315994 0.410169 0.315020 0.207242 0.076071 0.079566 0.081580 0.061570 0.000000 0.000000 0.095109 0.103508 0.000000 0.000000
0.000000 0.000000 0.000000 0.143288 0.119498 0.000000 0.000000 0.057034 0.056781 0.000000 0.000000 0.000000 0.000000 0.000000 0.000000 0.000000 0.000000 0.000000 0.000000 0.000000
