0.070741 0.168162 0.067985 0.065235 0.000000 0.000000
0.421447 0.461084 0.388521 0.338905 0.185136 0.000000
1.322783 2.088348 2.213091 1.485614 0.841695 0.114842
4.099924 4.891878 4.734366 2.975705 1.266169 0.235385
5.763725 6.741244 5.866432 4.254237 1.573016 0.292340
6.360269 9.233990 5.807965 3.723356 0.838334 0.180194
7.132125 9.571741 6.242937 1.762190 0.255699 0.049655
3.074266 8.157269 3.076453 0.450110 0.059401 0.000000
0.955138 0.828229 0.732034 0.167757 0.000000 0.000000
0.121800 0.162640 0.000000 0.000000 0.000000 0.000000
