0.000000 0.056280 0.069277 0.067412 0.000000 0.000000 0.000000 0.000000 0.000000 0.000000 0.000000 0.000000 0.000000
0.219498 0.514439 0.356559 0.216981 0.000000 0.000000 0.000000 0.000000 0.000000 0.000000 0.000000 0.000000 0.000000
0.975424 1.329405 0.858736 0.433522 0.053866 0.000000 0.000000 0.000000 0.000000 0.000000 0.000000 0.000000 0.000000
1.209560 2.557129 2.602722 0.464505 0.131974 0.000000 0.000000 0.000000 0.000000 0.000000 0.000000 0.000000 0.000000
1.485028 2.375942 3.759073 2.233950 0.527782 0.000000 0.000000 0.000000 0.000000 0.000000 0.000000 0.000000 0.000000
1.369804 2.891060 5.078953 4.181198 0.801755 0.000000 0.000000 0.000000 0.000000 0.000000 0.000000 0.000000 0.000000
1.083190 4.371926 4.568665 3.084363 0.528008 0.000000 0.000000 0.000000 0.000000 0.000000 0.000000 0.000000 0.000000
1.087388 2.026970 2.657182 1.300675 0.120294 0.000000 0.000000 0.000000 0.000000 0.000000 0.000000 0.000000 0.000000
0.723035 1.200554 1.291622 0.680703 0.067457 0.000000 0.000000 0.000000 0.000000 0.000000 0.048989 0.057303 0.056895
0.057703 0.460674 0.754630 0.588769 0.509951 0.345447 0.323191 0.291671 0.372999 0.227983 0.231274 0.249272 0.126658
0.381880 1.042068 2.085490 1.307091 1.553785 1.964955 1.035273 0.907644 0.626192 0.509823 0.322044 0.298633 0.055324
1.039152 1.959109 3.220816 2.538976 2.460431 2.511965 1.796975 1.374100 0.871487 0.424274 0.184052 0.067277 0.059402
0.830376 1.802748 5.291419 4.051971 3.596513 2.427454 1.266833 0.856780 0.600750 0.172178 0.000000 0.000000 0.000000
0.771452 1.331869 4.211984 2.132834 1.432311 1.050567 0.662743 0.298665 0.144451 0.000000 0.000000 0.000000 0.000000
0.555177 0.833946 1.000215 0.722753 0.580688 0.530813 0.383148 0.118854 0.000000 0.000000 0.000000 0.000000 0.000000
0.280320 0.145262 0.364908 0.218509 0.053001 0.118888 0.200156 0.186874 0.000000 0.000000 0.000000 0.000000 0.000000
0.054977 0.000000 0.071277 0.000000 0.000000 0.000000 0.058884 0.060987 0.000000 0.000000 0.000000 0.000000 0.000000
