0.000000 0.000000 0.000000 0.056437 0.185844 0.198884 0.067899 0.135441 0.116655 0.000000 0.000000 0.000000 0.000000 0.000000
0.000000 0.000000 0.000000 0.077731 0.403864 0.820154 0.689724 0.746287 0.482675 0.320064 0.088714 0.000000 0.000000 0.000000
0.000000 0.000000 0.000000 0.328537 0.939982 1.381234 1.447293 1.347500 1.045301 0.524423 0.237458 0.000000 0.000000 0.000000
0.000000 0.000000 0.131213 0.553178 1.192683 1.620416 1.446132 1.191912 0.826949 0.587439 0.212318 0.000000 0.000000 0.000000
0.000000 0.132842 0.715361 1.313069 2.112657 2.395572 2.258438 1.572760 0.900882 0.878898 0.509862 0.186036 0.065539 0.068566
0.059015 0.376664 1.419210 2.986779 3.693804 3.451453 2.603311 1.833759 1.529224 1.016025 0.762759 0.408489 0.213855 0.070871
0.214691 0.973046 2.714844 5.208810 6.388378 5.742509 4.485149 2.789594 2.156563 1.295362 0.992360 0.528592 0.392849 0.131574
0.148241 0.987345 3.061145 5.834885 6.701198 6.094243 4.327934 2.662653 1.841871 1.051490 0.835114 0.705426 0.509240 0.067744
0.063949 0.876930 3.346107 5.466299 6.057613 5.071147 3.306171 1.979842 0.937441 0.596506 0.344531 0.291336 0.096664 0.000000
0.057277 0.774192 2.478981 4.173700 4.437937 3.512844 2.266462 1.010558 0.578133 0.186206 0.127987 0.077752 0.073003 0.000000
0.000000 0.645095 1.467784 2.312187 2.047249 1.148392 0.631045 0.253515 0.058293 0.000000 0.000000 0.000000 0.000000 0.000000
0.000000 0.216502 0.632072 0.831360 0.479302 0.132118 0.121020 0.000000 0.000000 0.000000 0.000000 0.000000 0.000000 0.000000
0.000000 0.083433 0.224938 0.236204 0.059030 0.000000 0.000000 0.000000 0.000000 0.000000 0.000000 0.000000 0.000000 0.000000
