0.000000 0.000000 0.000000 0.000000 0.000000 0.000000 0.000000 0.000000 0.000000 0.000000 0.000000 0.000000 0.000000 0.000000 0.000000 0.000000 0.000000 0.000000 0.000000 0.000000 0.000000 0.000000 0.000000 0.000000 0.000000 0.000000 0.000000 0.000000 0.060998 0.134598 0.375627 0.360654 0.411497 0.140491 0.077546 0.000000 0.000000 0.000000 0.000000 0.000000 0.000000 0.000000 0.000000 0.000000 0.000000 0.000000
0.000000 0.000000 0.000000 0.000000 0.000000 0.000000 0.000000 0.000000 0.000000 0.000000 0.000000 0.000000 0.000000 0.000000 0.000000 0.000000 0.000000 0.000000 0.000000 0.000000 0.000000 0.000000 0.000000 0.000000 0.000000 0.000000 0.000000 0.000000 0.072242 0.498587 0.954975 1.115041 0.960723 0.422160 0.200325 0.123067 0.070799 0.000000 0.000000 0.000000 0.000000 0.000000 0.000000 0.000000 0.000000 0.000000
0.000000 0.000000 0.000000 0.000000 0.000000 0.000000 0.000000 0.000000 0.000000 0.000000 0.000000 0.000000 0.000000 0.000000 0.000000 0.000000 0.000000 0.000000 0.000000 0.000000 0.000000 0.000000 0.000000 0.000000 0.000000 0.064005 0.156401 0.484945 0.921507 2.080547 2.742650 2.854456 1.956620 1.520706 0.683408 0.187258 0.113487 0.000000 0.000000 0.000000 0.000000 0.000000 0.000000 0.000000 0.000000 0.000000
0.000000 0.000000 0.000000 0.000000 0.000000 0.000000 0.000000 0.000000 0.000000 0.000000 0.000000 0.000000 0.000000 0.000000 0.000000 0.000000 0.000000 0.000000 0.000000 0.000000 0.000000 0.000000 0.000000 0.413600 0.722088 0.953557 1.389219 2.118764 4.045017 6.779222 7.250574 5.850220 4.238064 2.970849 2.140371 1.044535 0.148463 0.078044 0.000000 0.000000 0.000000 0.000000 0.000000 0.000000 0.000000 0.000000
0.000000 0.000000 0.000000 0.000000 0.000000 0.000000 0.000000 0.000000 0.000000 0.000000 0.000000 0.000000 0.000000 0.000000 0.000000 0.000000 0.000000 0.000000 0.000000 0.000000 0.000000 0.249111 0.672346 1.412224 2.957065 5.094128 6.363298 7.124895 9.435376 11.398511 10.758116 8.705233 6.371265 5.299721 4.270672 2.053688 0.624298 0.265872 0.000000 0.000000 0.000000 0.000000 0.000000 0.000000 0.000000 0.000000
0.000000 0.000000 0.000000 0.000000 0.000000 0.000000 0.000000 0.000000 0.000000 0.000000 0.000000 0.000000 0.000000 0.000000 0.000000 0.000000 0.000000 0.000000 0.000000 0.000000 0.323339 0.958325 1.544340 4.693680 6.592634 7.547135 7.934725 7.564675 9.146171 9.671666 8.513031 6.054628 6.035436 6.904436 5.291140 3.087070 0.977599 0.401523 0.080141 0.000000 0.000000 0.000000 0.000000 0.000000 0.000000 0.000000
0.000000 0.000000 0.000000 0.000000 0.000000 0.000000 0.000000 0.000000 0.000000 0.000000 0.000000 0.000000 0.000000 0.000000 0.000000 0.000000 0.000000 0.000000 0.000000 0.136462 0.906756 1.959822 4.948191 8.558099 9.424404 8.752839 7.766450 7.383844 8.320859 7.640163 7.228689 6.389527 6.912665 7.649022 6.168932 4.367542 1.472930 0.279376 0.160302 0.000000 0.000000 0.000000 0.000000 0.000000 0.000000 0.000000
0.000000 0.000000 0.000000 0.000000 0.000000 0.000000 0.000000 0.000000 0.000000 0.000000 0.000000 0.000000 0.000000 0.000000 0.000000 0.000000 0.000000 0.000000 0.000000 0.295322 1.514514 5.146088 8.774659 10.406657 10.300755 8.317725 6.339552 5.993376 6.145256 5.395299 4.456403 4.450300 5.031940 5.424902 4.513385 3.167478 1.626345 0.683646 0.504544 0.492272 0.273008 0.132949 0.204630 0.121052 0.000000 0.000000
0.000000 0.000000 0.000000 0.000000 0.000000 0.000000 0.000000 0.000000 0.000000 0.000000 0.000000 0.000000 0.000000 0.000000 0.000000 0.000000 0.000000 0.000000 0.066147 0.675928 2.653133 7.848033 10.574955 10.716935 8.684221 5.791306 3.358322 2.762316 2.254165 1.437576 1.289914 1.256783 1.963464 2.203659 2.228372 1.595172 1.297539 1.165015 1.147817 0.938204 0.697879 0.450171 0.275249 0.123365 0.000000 0.000000
0.000000 0.000000 0.000000 0.000000 0.000000 0.000000 0.000000 0.000000 0.000000 0.000000 0.000000 0.000000 0.000000 0.000000 0.000000 0.067609 0.189009 0.141871 0.355167 1.548995 4.536041 8.591380 10.962579 10.177876 6.969330 3.724683 1.197726 0.938932 0.494565 0.330647 0.293108 0.191792 0.364675 0.505159 1.096597 1.396130 1.673761 2.076038 2.302278 2.161918 1.991394 1.460132 0.548326 0.056516 0.000000 0.000000
0.000000 0.000000 0.000000 0.000000 0.000000 0.000000 0.000000 0.000000 0.000000 0.000000 0.000000 0.000000 0.000000 0.177906 0.330309 0.472276 0.456231 1.079058 2.308435 4.328739 7.003768 10.134769 12.314249 9.657610 5.116115 1.946157 0.544764 0.200983 0.000000 0.000000 0.000000 0.000000 0.064413 0.553275 1.473585 1.994141 2.755386 4.535523 5.522200 5.350395 4.073368 2.572073 1.033679 0.117275 0.000000 0.000000
0.000000 0.000000 0.000000 0.000000 0.000000 0.000000 0.000000 0.000000 0.000000 0.000000 0.000000 0.000000 0.061771 0.278441 0.691084 1.650957 2.004138 2.656764 5.617778 8.186175 10.448325 11.969783 12.339074 8.884578 3.721138 1.255536 0.347485 0.395706 0.384853 0.062272 0.000000 0.000000 0.059153 0.910369 2.150615 3.439282 4.193936 6.232963 7.765863 8.022953 6.568936 4.051845 1.656394 0.407925 0.000000 0.000000
0.000000 0.000000 0.000000 0.000000 0.000000 0.000000 0.000000 0.000000 0.000000 0.000000 0.000000 0.000000 0.000000 0.313305 0.903911 2.421052 3.110709 4.317889 6.328525 7.387083 7.626357 8.286113 6.928145 4.656058 1.582050 1.025633 0.540416 0.729664 0.758458 0.237243 0.116154 0.205722 0.584466 0.926204 2.068112 4.407816 6.285043 7.910406 9.182984 9.371210 8.195709 5.042670 2.299734 0.677210 0.062328 0.000000
0.000000 0.000000 0.000000 0.000000 0.000000 0.000000 0.000000 0.000000 0.000000 0.000000 0.000000 0.000000 0.000000 0.152295 0.833847 2.028778 3.031875 4.253799 5.059461 5.283450 4.716957 3.994044 2.296014 1.123460 0.483395 0.429004 1.552908 1.595083 2.044887 2.012040 1.153624 0.928889 1.548622 1.550844 2.972777 5.593000 8.461803 10.150791 10.736311 10.263236 8.251097 5.359630 2.789199 0.846799 0.139983 0.000000
0.000000 0.000000 0.000000 0.000000 0.000000 0.000000 0.000000 0.000000 0.057334 0.074811 0.127746 0.061375 0.064996 0.469047 0.887219 1.510547 2.491009 3.180423 3.046397 2.555550 2.104783 1.514085 0.579093 0.313782 0.265895 0.803495 2.527443 3.994367 5.573549 5.264097 4.264516 2.960947 2.957215 3.955815 5.451138 6.931904 9.337317 10.038253 10.209687 9.290418 7.491715 4.986504 3.167177 1.313672 0.299993 0.067267
0.000000 0.000000 0.000000 0.000000 0.000000 0.000000 0.000000 0.000000 0.075553 0.092092 0.136748 0.182173 0.432235 0.864334 1.388093 1.809656 2.039369 2.249588 2.310766 1.785837 1.254250 0.510973 0.206401 0.281531 0.711118 1.642298 4.118446 8.784566 11.180169 8.311306 4.463884 2.276463 2.046730 3.039751 4.995253 5.811680 6.413434 6.696751 6.698454 6.242302 4.618253 2.840542 1.571027 0.477214 0.196723 0.000000
0.000000 0.000000 0.000000 0.000000 0.000000 0.000000 0.000000 0.074549 0.209098 0.434223 0.330273 0.364262 0.908716 1.247894 1.715226 1.801274 1.971875 1.854254 1.622516 1.194013 0.648781 0.438909 0.265269 0.486339 1.368053 3.659791 9.088249 13.515770 17.477354 17.057893 7.408711 1.979918 1.401326 2.825252 4.199855 4.110131 3.085204 2.184228 1.932273 1.812679 1.366207 0.738915 0.200601 0.069553 0.000000 0.000000
0.000000 0.000000 0.000000 0.000000 0.000000 0.000000 0.000000 0.061231 0.123684 0.434386 0.719777 0.671742 1.434960 1.446810 1.516221 1.391317 1.303431 1.311331 1.144395 0.885249 0.478306 0.400395 0.492243 1.477487 2.523061 6.250819 10.580290 14.016154 14.610842 15.171582 3.629853 1.719978 1.437435 2.015454 2.597069 1.807278 1.078174 0.519086 0.390597 0.263456 0.186860 0.181713 0.058260 0.000000 0.000000 0.000000
0.064033 0.000000 0.059167 0.245445 0.202912 0.149248 0.269871 0.192057 0.246310 0.329210 0.566889 0.975616 1.162080 1.370782 1.263271 0.836989 0.572643 0.720560 0.572743 0.416527 0.321135 0.402359 0.420261 1.417431 2.819657 6.627026 9.757590 13.061207 15.416695 14.151397 2.306949 0.838980 0.601042 1.148984 0.955673 0.268049 0.076167 0.081513 0.000000 0.000000 0.000000 0.000000 0.000000 0.000000 0.000000 0.000000
0.140357 0.309774 0.488955 0.431300 0.399918 0.580694 0.566967 0.527063 0.629989 0.840408 0.776002 1.071440 1.400778 1.084864 0.931818 0.928469 0.725484 0.673468 0.331503 0.136605 0.324668 0.988082 1.798538 2.375129 6.059956 10.417627 13.726684 16.036519 15.293037 12.780532 3.917778 1.011073 1.400012 0.798509 0.179003 0.000000 0.000000 0.000000 0.000000 0.000000 0.000000 0.000000 0.000000 0.000000 0.000000 0.000000
0.130519 0.485655 0.781668 0.869307 0.686872 0.771757 0.620050 0.682616 0.869598 1.251628 1.062442 1.037492 0.972751 0.601250 0.380024 0.606426 0.464118 0.300099 0.318910 0.248743 0.442685 1.603580 2.368419 5.199566 10.294785 14.466176 16.721219 16.649763 15.420390 12.804647 9.551936 5.969043 4.706411 2.368934 0.689065 0.171860 0.000000 0.000000 0.000000 0.000000 0.000000 0.000000 0.000000 0.000000 0.000000 0.000000
0.000000 0.507762 1.017821 1.294726 1.547990 1.245945 0.549553 0.457728 0.645676 0.897973 0.759414 0.633792 0.422829 0.262870 0.135456 0.204712 0.240111 0.123233 0.132374 0.201032 0.386340 1.313662 2.171553 6.206186 11.343425 14.502935 15.043888 14.931201 14.593893 13.313024 13.043223 13.602683 9.620531 5.889119 1.835597 0.701733 0.213748 0.076343 0.000000 0.000000 0.000000 0.000000 0.000000 0.000000 0.000000 0.000000
0.184193 0.830638 1.510533 1.853616 1.786333 1.079800 0.559087 0.462972 0.411032 0.654684 0.556873 0.300317 0.189980 0.000000 0.000000 0.192710 0.222513 0.265895 0.000000 0.156889 0.681327 1.792574 4.132583 9.554660 11.549298 13.196621 11.605302 12.986444 14.124694 14.413359 15.355470 15.607535 14.003492 9.101821 5.903499 2.004528 0.343600 0.077621 0.000000 0.000000 0.000000 0.000000 0.000000 0.000000 0.000000 0.000000
0.207185 0.822261 1.077147 1.420107 1.210727 0.914358 0.474312 0.275412 0.136798 0.061875 0.000000 0.115392 0.000000 0.000000 0.062642 0.229728 0.696313 0.761721 0.854927 0.928948 1.280383 3.146687 5.438191 9.732062 11.869156 11.847354 11.266596 11.330628 12.581019 14.524090 15.751384 15.711890 13.807529 11.212169 6.529978 3.035315 0.564047 0.058542 0.000000 0.000000 0.000000 0.000000 0.000000 0.000000 0.000000 0.000000
0.000000 0.253310 0.555055 0.570500 0.555279 0.394936 0.322230 0.211091 0.068241 0.000000 0.000000 0.000000 0.000000 0.081419 0.196143 0.596403 1.408400 1.496009 1.942943 3.028630 3.652820 5.680254 8.446754 9.647895 11.063974 9.762950 9.712054 8.460709 8.326846 4.022762 4.671593 9.555331 3.267173 2.416323 1.998293 0.887907 0.233003 0.068868 0.000000 0.000000 0.000000 0.000000 0.000000 0.000000 0.000000 0.000000
0.000000 0.076447 0.162842 0.246225 0.239207 0.156006 0.064572 0.133365 0.062514 0.000000 0.000000 0.000000 0.066729 0.229037 0.672301 2.013501 7.309722 8.344934 9.032879 9.437332 9.445093 9.157782 9.748954 10.385916 10.880273 9.856931 8.121671 8.360041 9.191035 8.128014 3.838809 2.665846 1.257460 0.932606 0.476728 0.374668 0.194904 0.072749 0.000000 0.000000 0.000000 0.000000 0.000000 0.000000 0.000000 0.000000
0.000000 0.000000 0.000000 0.000000 0.000000 0.000000 0.000000 0.000000 0.000000 0.000000 0.000000 0.000000 0.000000 0.344486 1.719250 6.510270 8.980020 9.796071 10.001650 9.757005 9.263148 8.401673 8.451338 8.122692 8.784962 8.116133 5.674990 4.931008 3.368207 5.325192 6.252295 3.565168 0.538367 0.133089 0.000000 0.000000 0.000000 0.000000 0.000000 0.000000 0.000000 0.000000 0.000000 0.000000 0.000000 0.000000
0.000000 0.000000 0.000000 0.000000 0.000000 0.000000 0.000000 0.000000 0.000000 0.000000 0.000000 0.000000 0.000000 0.472302 2.501321 7.416774 9.214792 9.836714 9.893691 8.690088 7.631035 5.911829 4.768222 5.984198 6.092731 4.969096 2.699439 0.702299 0.268721 0.805387 2.409705 1.288121 0.390105 0.000000 0.000000 0.000000 0.000000 0.000000 0.000000 0.000000 0.000000 0.000000 0.000000 0.000000 0.000000 0.000000
0.000000 0.000000 0.000000 0.000000 0.000000 0.000000 0.000000 0.000000 0.000000 0.000000 0.000000 0.000000 0.000000 0.796049 3.016161 4.731861 7.406425 8.247628 7.925304 3.791832 2.824048 2.039861 2.046640 1.756716 1.916357 1.061633 0.464368 0.062304 0.065250 0.297010 0.534615 0.327977 0.056048 0.000000 0.000000 0.000000 0.000000 0.000000 0.000000 0.000000 0.000000 0.000000 0.000000 0.000000 0.000000 0.000000
0.000000 0.000000 0.000000 0.000000 0.000000 0.000000 0.000000 0.000000 0.000000 0.000000 0.000000 0.000000 0.056458 0.652987 2.834708 3.744741 4.517703 3.529701 3.039377 1.972825 1.432835 1.076624 0.634187 0.243074 0.207502 0.192436 0.064242 0.000000 0.000000 0.000000 0.000000 0.000000 0.000000 0.000000 0.000000 0.000000 0.000000 0.000000 0.000000 0.000000 0.000000 0.000000 0.000000 0.000000 0.000000 0.000000
0.000000 0.000000 0.000000 0.000000 0.000000 0.000000 0.000000 0.000000 0.000000 0.000000 0.000000 0.000000 0.000000 0.056798 1.014188 1.479364 1.458316 1.304500 0.871384 0.487311 0.181551 0.245313 0.000000 0.000000 0.000000 0.000000 0.000000 0.000000 0.000000 0.000000 0.000000 0.000000 0.000000 0.000000 0.000000 0.000000 0.000000 0.000000 0.000000 0.000000 0.000000 0.000000 0.000000 0.000000 0.000000 0.000000
0.000000 0.000000 0.000000 0.000000 0.000000 0.000000 0.000000 0.000000 0.000000 0.000000 0.000000 0.000000 0.000000 0.000000 0.187180 0.408538 0.516545 0.532115 0.137666 0.000000 0.000000 0.000000 0.000000 0.000000 0.000000 0.000000 0.000000 0.000000 0.000000 0.000000 0.000000 0.000000 0.000000 0.000000 0.000000 0.000000 0.000000 0.000000 0.000000 0.000000 0.000000 0.000000 0.000000 0.000000 0.000000 0.000000
