0.786042 0.597337 0.486623 0.361187 0.166231 0.069121 0.000000 0.000000 0.000000 0.000000
0.870889 0.576098 0.484854 0.358668 0.165838 0.068620 0.000000 0.000000 0.000000 0.000000
0.000000 0.595559 0.483042 0.356990 0.165574 0.068631 0.000000 0.000000 0.000000 0.000000
0.000000 0.870889 0.486495 0.356119 0.167138 0.066078 0.000000 0.000000 0.000000 0.000000
0.000000 0.000000 0.000000 0.466781 0.158623 0.085671 0.059313 0.000000 0.000000 0.000000
0.000000 0.000000 0.000000 2.056816 1.218598 0.527691 0.148932 0.079880 0.000000 0.000000
0.000000 0.000000 2.356170 1.849861 1.193935 0.517357 0.221779 0.221323 0.048684 0.000000
0.000000 3.311840 2.273262 1.855382 1.197571 0.518129 0.221391 0.270136 0.240680 0.060308
0.000000 3.311840 2.278450 1.860834 1.202312 0.518559 0.219020 0.221040 0.241328 0.056628
0.000000 0.000000 2.660158 1.991764 1.216842 0.504674 0.156435 0.417274 0.216600 0.079942
0.000000 3.045613 4.609780 2.750743 1.333642 0.420298 0.596851 0.575217 0.370381 0.095567
0.000000 2.504269 2.016198 0.779414 3.293393 1.180126 0.747042 0.604832 0.379547 0.105932
0.000000 2.650580 2.019478 2.439873 0.923601 1.199405 0.847909 0.558378 0.279328 0.000000
0.000000 3.324023 2.366326 1.940342 0.692673 0.353416 0.551733 0.417819 0.182406 0.000000
0.000000 1.396946 1.170864 0.932023 0.579656 0.136080 0.195755 0.291125 0.111814 0.000000
1.786099 1.355989 1.172459 0.931969 0.481211 0.123097 0.000000 0.000000 0.000000 0.000000
1.786099 1.400600 1.174841 0.934136 0.478478 0.072481 0.000000 0.000000 0.000000 0.000000
0.000000 1.402277 1.183646 0.936365 0.428766 0.072128 0.000000 0.000000 0.000000 0.000000
0.000000 0.000000 1.324959 0.917835 0.258867 0.257613 0.000000 0.000000 0.000000 0.000000
0.000000 0.000000 0.000000 0.000000 0.263382 0.200899 0.000000 0.000000 0.000000 0.000000
