0.000000 0.000000 0.000000 0.000000 0.052635 0.195477 0.128555 0.000000
0.000000 0.000000 0.172153 0.679068 1.085472 0.907286 0.456971 0.000000
0.000000 0.000000 0.268688 1.001528 1.487052 1.553213 0.854465 0.000000
0.000000 0.153058 0.554441 1.525825 2.492499 1.784458 0.588312 0.061179
0.000000 0.121272 1.162395 2.859073 3.782568 2.648244 0.715936 0.053875
0.188939 0.999304 2.534953 4.372607 5.157031 3.859430 1.191003 0.074661
0.225870 1.172295 2.903184 4.191635 4.741312 3.662021 1.313047 0.130928
0.057812 0.556621 1.328985 2.295149 2.971535 2.103687 0.551757 0.064329
0.000000 0.117256 0.366060 0.442541 0.612889 0.355268 0.105076 0.000000
0.000000 0.000000 0.000000 0.059892 0.105548 0.000000 0.000000 0.000000
