0.000000 0.000000 0.000000 0.000000 0.000000 0.000000 0.000000 0.000000 0.000000 0.000000 0.000000 0.000000 0.000000 0.000000 0.000000 0.000000 0.000000 0.000000 0.000000 0.000000 0.000000 0.000000 0.000000 0.000000 0.000000 0.000000 0.000000 0.000000 0.000000 0.000000 0.000000 0.000000 0.000000 0.000000 0.000000 0.000000 0.000000 0.000000 0.000000 0.000000 0.000000 0.000000 0.000000 0.000000 0.066516 0.105327 0.092090 0.053598 0.000000 0.000000 0.000000 0.000000 0.000000
0.000000 0.000000 0.000000 0.000000 0.000000 0.000000 0.000000 0.000000 0.000000 0.000000 0.000000 0.000000 0.000000 0.000000 0.000000 0.000000 0.000000 0.000000 0.000000 0.000000 0.000000 0.000000 0.000000 0.000000 0.000000 0.000000 0.000000 0.000000 0.000000 0.000000 0.000000 0.000000 0.000000 0.000000 0.000000 0.000000 0.000000 0.000000 0.000000 0.000000 0.000000 0.000000 0.058242 0.113273 0.149401 0.162784 0.251747 0.120631 0.051020 0.000000 0.000000 0.000000 0.000000
0.000000 0.000000 0.000000 0.000000 0.000000 0.000000 0.000000 0.000000 0.000000 0.000000 0.000000 0.000000 0.000000 0.000000 0.000000 0.000000 0.000000 0.000000 0.000000 0.000000 0.000000 0.000000 0.000000 0.000000 0.000000 0.000000 0.000000 0.000000 0.000000 0.000000 0.000000 0.000000 0.000000 0.000000 0.000000 0.000000 0.000000 0.000000 0.000000 0.000000 0.000000 0.000000 0.054634 0.113612 0.199491 0.414290 0.485262 0.266166 0.118230 0.056600 0.000000 0.000000 0.000000
0.000000 0.000000 0.000000 0.000000 0.000000 0.000000 0.000000 0.000000 0.000000 0.000000 0.000000 0.000000 0.000000 0.000000 0.000000 0.000000 0.000000 0.000000 0.000000 0.000000 0.000000 0.000000 0.000000 0.000000 0.000000 0.000000 0.000000 0.000000 0.000000 0.000000 0.000000 0.000000 0.000000 0.000000 0.000000 0.000000 0.000000 0.000000 0.000000 0.000000 0.000000 0.000000 0.050161 0.106742 0.300346 0.743743 0.589204 0.381339 0.201433 0.078725 0.000000 0.000000 0.000000
0.000000 0.000000 0.000000 0.000000 0.000000 0.000000 0.000000 0.000000 0.000000 0.000000 0.000000 0.000000 0.000000 0.000000 0.000000 0.000000 0.000000 0.000000 0.000000 0.000000 0.000000 0.000000 0.000000 0.000000 0.000000 0.000000 0.000000 0.000000 0.000000 0.000000 0.000000 0.000000 0.000000 0.000000 0.000000 0.000000 0.000000 0.000000 0.000000 0.000000 0.000000 0.000000 0.000000 0.056109 0.416151 0.702066 0.506554 0.275856 0.188478 0.055293 0.000000 0.000000 0.000000
0.000000 0.000000 0.000000 0.000000 0.000000 0.000000 0.000000 0.000000 0.000000 0.000000 0.000000 0.000000 0.000000 0.000000 0.000000 0.000000 0.000000 0.000000 0.000000 0.000000 0.000000 0.000000 0.000000 0.000000 0.000000 0.000000 0.000000 0.000000 0.000000 0.000000 0.000000 0.000000 0.000000 0.000000 0.000000 0.000000 0.000000 0.000000 0.000000 0.000000 0.000000 0.000000 0.059644 0.240329 0.655076 0.729866 0.678921 0.324423 0.113204 0.000000 0.000000 0.000000 0.000000
0.000000 0.000000 0.000000 0.000000 0.000000 0.000000 0.000000 0.000000 0.000000 0.000000 0.000000 0.000000 0.000000 0.000000 0.000000 0.000000 0.000000 0.000000 0.000000 0.000000 0.000000 0.000000 0.000000 0.000000 0.000000 0.000000 0.000000 0.000000 0.000000 0.000000 0.000000 0.000000 0.000000 0.000000 0.000000 0.000000 0.000000 0.000000 0.000000 0.000000 0.000000 0.000000 0.326916 0.498961 0.854216 1.029482 0.866748 0.544110 0.222620 0.000000 0.000000 0.000000 0.000000
0.000000 0.000000 0.000000 0.000000 0.000000 0.000000 0.000000 0.000000 0.000000 0.000000 0.000000 0.000000 0.000000 0.000000 0.000000 0.000000 0.000000 0.000000 0.000000 0.000000 0.000000 0.000000 0.000000 0.000000 0.000000 0.000000 0.000000 0.000000 0.000000 0.000000 0.000000 0.000000 0.000000 0.000000 0.000000 0.000000 0.000000 0.000000 0.000000 0.000000 0.050863 0.165374 0.343073 0.630930 0.974515 0.884119 0.749459 0.487285 0.176969 0.000000 0.000000 0.000000 0.000000
0.000000 0.000000 0.000000 0.000000 0.000000 0.000000 0.000000 0.000000 0.000000 0.000000 0.000000 0.000000 0.000000 0.000000 0.000000 0.000000 0.000000 0.000000 0.000000 0.000000 0.000000 0.000000 0.000000 0.000000 0.000000 0.000000 0.000000 0.000000 0.000000 0.000000 0.000000 0.000000 0.000000 0.000000 0.000000 0.000000 0.000000 0.000000 0.000000 0.000000 0.118812 0.306727 0.596031 0.881503 1.280486 1.348551 0.957787 0.464994 0.324123 0.000000 0.000000 0.000000 0.000000
0.000000 0.000000 0.000000 0.000000 0.000000 0.000000 0.000000 0.000000 0.000000 0.000000 0.000000 0.000000 0.000000 0.000000 0.000000 0.000000 0.000000 0.000000 0.000000 0.000000 0.000000 0.000000 0.000000 0.000000 0.000000 0.000000 0.000000 0.000000 0.000000 0.000000 0.000000 0.000000 0.000000 0.000000 0.000000 0.000000 0.000000 0.000000 0.000000 0.118716 0.294336 0.805384 1.347154 1.823634 1.993445 2.253482 1.366565 1.075885 0.846210 0.245905 0.050376 0.000000 0.000000
0.000000 0.000000 0.000000 0.000000 0.000000 0.000000 0.000000 0.000000 0.000000 0.000000 0.000000 0.000000 0.000000 0.000000 0.000000 0.000000 0.000000 0.000000 0.000000 0.000000 0.000000 0.000000 0.000000 0.000000 0.000000 0.000000 0.000000 0.000000 0.000000 0.000000 0.000000 0.000000 0.000000 0.000000 0.000000 0.000000 0.053532 0.383103 0.464949 0.677103 1.221188 1.573570 2.839591 3.470633 3.747911 3.828831 3.064199 2.117550 1.331288 0.363944 0.108495 0.000000 0.000000
0.000000 0.000000 0.000000 0.000000 0.000000 0.000000 0.000000 0.000000 0.000000 0.000000 0.000000 0.000000 0.000000 0.000000 0.000000 0.000000 0.000000 0.000000 0.000000 0.000000 0.000000 0.000000 0.000000 0.000000 0.000000 0.000000 0.000000 0.000000 0.000000 0.000000 0.000000 0.000000 0.000000 0.000000 0.000000 0.169056 0.530161 1.483546 2.112107 2.307978 2.251340 1.916515 2.738487 4.049045 4.343040 4.129435 3.639057 3.431344 2.258188 1.005586 0.251460 0.000000 0.000000
0.000000 0.000000 0.000000 0.000000 0.000000 0.000000 0.000000 0.000000 0.000000 0.000000 0.000000 0.000000 0.000000 0.000000 0.000000 0.000000 0.000000 0.000000 0.000000 0.000000 0.000000 0.000000 0.000000 0.000000 0.000000 0.000000 0.000000 0.000000 0.000000 0.000000 0.000000 0.000000 0.000000 0.000000 0.000000 0.367458 1.670733 3.583060 4.285802 3.639835 3.118745 2.532749 2.591137 4.084855 4.462126 4.173596 4.001178 3.749507 2.231023 1.564591 0.353561 0.112350 0.057581
0.000000 0.000000 0.000000 0.000000 0.000000 0.000000 0.000000 0.000000 0.000000 0.000000 0.000000 0.000000 0.000000 0.000000 0.000000 0.000000 0.000000 0.000000 0.000000 0.000000 0.000000 0.000000 0.000000 0.000000 0.000000 0.000000 0.000000 0.000000 0.000000 0.000000 0.000000 0.000000 0.000000 0.000000 0.050944 0.534491 2.556780 5.224829 6.278887 5.777155 3.804741 3.159799 2.817962 3.610798 4.582718 3.929064 3.746905 3.608502 2.518405 1.739527 0.867699 0.344173 0.156268
0.000000 0.000000 0.000000 0.000000 0.000000 0.000000 0.000000 0.000000 0.000000 0.000000 0.000000 0.000000 0.000000 0.000000 0.000000 0.000000 0.000000 0.000000 0.000000 0.000000 0.000000 0.000000 0.000000 0.000000 0.000000 0.000000 0.000000 0.000000 0.000000 0.000000 0.000000 0.000000 0.000000 0.000000 0.101916 1.592373 4.270733 6.397551 7.040736 6.119810 4.112047 2.985063 3.041384 2.816142 2.574862 3.004035 3.335724 3.378002 2.718826 1.964318 1.187210 0.871533 0.398783
0.000000 0.000000 0.000000 0.000000 0.000000 0.000000 0.000000 0.000000 0.000000 0.000000 0.000000 0.000000 0.000000 0.000000 0.000000 0.000000 0.000000 0.000000 0.000000 0.000000 0.000000 0.000000 0.000000 0.000000 0.000000 0.000000 0.000000 0.000000 0.000000 0.000000 0.000000 0.000000 0.054717 0.241891 1.041120 4.422368 6.445895 7.864628 7.989725 6.596529 4.959022 3.785452 3.563430 3.118593 2.057345 1.838765 2.029329 2.464292 2.439226 1.536668 1.027615 0.696693 0.162001
0.000000 0.000000 0.000000 0.000000 0.000000 0.000000 0.000000 0.000000 0.000000 0.000000 0.000000 0.000000 0.000000 0.000000 0.000000 0.000000 0.000000 0.000000 0.000000 0.000000 0.000000 0.000000 0.000000 0.000000 0.000000 0.000000 0.000000 0.000000 0.000000 0.000000 0.000000 0.000000 0.227391 1.244445 4.068190 6.767219 7.889226 8.522692 8.309593 7.586969 6.071334 4.791865 3.948266 2.763449 1.767577 1.207531 1.097889 1.050139 1.224558 0.464183 0.380141 0.117216 0.000000
0.000000 0.000000 0.000000 0.000000 0.000000 0.000000 0.000000 0.000000 0.000000 0.000000 0.000000 0.000000 0.000000 0.000000 0.000000 0.000000 0.000000 0.000000 0.000000 0.000000 0.000000 0.000000 0.000000 0.000000 0.000000 0.049104 0.000000 0.000000 0.000000 0.000000 0.000000 0.117317 0.472354 3.650997 6.908034 8.152804 8.674362 8.555474 8.670780 8.250313 7.036720 5.809697 3.968431 2.325726 1.273690 0.778487 0.333423 0.208706 0.060902 0.051016 0.000000 0.000000 0.000000
0.000000 0.000000 0.000000 0.000000 0.000000 0.000000 0.000000 0.000000 0.000000 0.000000 0.000000 0.000000 0.000000 0.000000 0.000000 0.000000 0.000000 0.000000 0.000000 0.000000 0.050564 0.106972 0.056619 0.176927 0.120476 0.334068 0.363834 0.172879 0.051392 0.049343 0.176233 0.448022 1.487496 6.017933 8.813090 9.351943 9.189590 8.531722 8.116628 7.464471 6.957417 5.817688 4.149617 1.941794 0.662610 0.269037 0.000000 0.000000 0.000000 0.000000 0.000000 0.000000 0.000000
0.000000 0.000000 0.000000 0.000000 0.000000 0.000000 0.000000 0.000000 0.000000 0.000000 0.000000 0.000000 0.000000 0.000000 0.000000 0.000000 0.000000 0.000000 0.000000 0.000000 0.157409 0.347198 0.504249 0.692641 1.398160 1.788649 1.760125 1.796248 2.351916 1.520768 1.334442 3.082011 5.776224 8.530996 10.404807 10.351076 9.367775 8.297791 7.110968 5.810236 5.540024 4.769939 3.692092 1.549537 0.988925 0.196778 0.000000 0.000000 0.000000 0.000000 0.000000 0.000000 0.000000
0.000000 0.000000 0.000000 0.000000 0.000000 0.000000 0.000000 0.000000 0.000000 0.000000 0.000000 0.000000 0.000000 0.000000 0.000000 0.000000 0.000000 0.000000 0.000000 0.153211 0.376483 0.894954 1.206676 5.703762 5.181425 6.778328 5.877526 5.980410 6.098764 6.330213 6.219698 8.083244 10.558189 11.214416 11.834203 11.209096 8.762898 7.446817 6.170023 4.653585 4.124091 3.294870 2.562973 1.439696 0.738507 0.373432 0.108001 0.000000 0.000000 0.000000 0.000000 0.000000 0.000000
0.000000 0.000000 0.000000 0.000000 0.000000 0.000000 0.000000 0.000000 0.000000 0.000000 0.000000 0.000000 0.000000 0.000000 0.000000 0.000000 0.000000 0.110464 0.372079 0.671148 8.078364 8.793986 9.712237 10.654156 11.362414 12.692769 13.119563 13.587074 13.852613 14.802597 16.045293 17.352112 16.420183 15.531331 12.725112 10.990101 8.925754 7.469191 5.498954 3.816034 3.095848 2.357377 1.713893 0.813707 0.399017 0.063082 0.000000 0.000000 0.000000 0.000000 0.000000 0.000000 0.000000
0.000000 0.000000 0.000000 0.000000 0.000000 0.000000 0.000000 0.000000 0.000000 0.000000 0.000000 0.000000 0.000000 0.000000 0.000000 0.000000 0.132567 0.209065 8.051470 9.418384 10.587271 11.739326 12.647688 13.590909 15.104037 16.287886 16.963586 17.245521 18.318358 19.329857 19.980240 19.785955 18.626746 16.450789 12.667081 13.158664 12.554875 6.781719 4.178353 2.915663 2.381529 1.082740 0.269707 0.148628 0.000000 0.000000 0.000000 0.000000 0.000000 0.000000 0.000000 0.000000 0.000000
0.000000 0.000000 0.000000 0.000000 0.000000 0.000000 0.000000 0.000000 0.000000 0.000000 0.000000 0.000000 0.000000 0.000000 0.000000 0.000000 0.286500 6.043026 10.992772 11.200311 12.959602 14.894806 15.626671 16.912609 18.449987 19.014959 19.468707 20.051268 20.157811 20.921414 20.617191 19.530338 17.890027 14.060367 10.251633 10.980364 11.215907 6.443660 2.868095 1.141287 0.382959 0.106470 0.000000 0.000000 0.000000 0.000000 0.000000 0.000000 0.000000 0.000000 0.000000 0.000000 0.000000
0.000000 0.000000 0.000000 0.000000 0.000000 0.000000 0.000000 0.000000 0.000000 0.000000 0.000000 0.000000 0.000000 0.051951 0.109829 0.161588 0.840338 11.760837 14.833813 15.518009 17.055219 18.186646 18.996519 21.229509 21.942460 21.260391 20.599620 20.963445 21.166791 20.620033 19.034848 17.206235 15.322395 6.819068 6.425741 7.191626 9.345755 7.988414 2.441850 0.389332 0.000000 0.000000 0.000000 0.000000 0.000000 0.000000 0.000000 0.000000 0.000000 0.000000 0.000000 0.000000 0.000000
0.000000 0.000000 0.000000 0.000000 0.000000 0.000000 0.000000 0.000000 0.000000 0.000000 0.000000 0.000000 0.071565 0.256384 0.378550 1.210866 9.193479 16.825715 20.168561 21.274916 22.514886 23.145313 23.209556 23.729497 24.327771 23.350080 22.142165 21.600660 21.429988 19.889731 16.498861 13.875808 9.632928 3.574031 2.656396 4.977813 5.566626 5.945130 4.333497 0.283014 0.000000 0.000000 0.000000 0.000000 0.000000 0.000000 0.000000 0.000000 0.000000 0.000000 0.000000 0.000000 0.000000
0.000000 0.000000 0.000000 0.000000 0.000000 0.000000 0.000000 0.000000 0.000000 0.000000 0.000000 0.048969 0.473272 0.615698 2.931940 8.066935 17.013116 21.103057 24.388710 25.888741 26.802746 27.006665 26.702734 26.105981 25.594760 24.309511 22.065065 20.671920 19.642443 16.981156 13.132500 8.834615 5.977730 1.473346 1.052200 1.602999 3.300638 3.664663 0.550604 0.224985 0.000000 0.000000 0.000000 0.000000 0.000000 0.000000 0.000000 0.000000 0.000000 0.000000 0.000000 0.000000 0.000000
0.000000 0.000000 0.000000 0.000000 0.000000 0.000000 0.000000 0.000000 0.000000 0.000000 0.065597 0.211961 1.067634 5.735231 10.676613 18.353123 23.933782 26.084556 28.515542 30.459956 30.562625 30.158282 29.028047 26.875289 25.371248 23.348570 20.935854 19.308803 17.680923 13.952554 9.371866 5.303187 1.396691 0.319488 0.320420 0.349782 0.544967 0.350321 0.364698 0.109029 0.000000 0.000000 0.000000 0.000000 0.000000 0.000000 0.000000 0.000000 0.000000 0.000000 0.000000 0.000000 0.000000
0.000000 0.000000 0.000000 0.000000 0.000000 0.000000 0.000000 0.000000 0.000000 0.314344 0.281187 0.980869 10.326329 15.148282 20.501358 25.190437 28.871583 31.090216 33.137796 34.493086 33.988626 32.167812 29.147964 25.922980 23.842440 21.566138 19.684985 17.488462 14.652298 10.892381 5.554809 1.350930 0.267755 0.057492 0.000000 0.000000 0.000000 0.000000 0.000000 0.000000 0.000000 0.000000 0.000000 0.000000 0.000000 0.000000 0.000000 0.000000 0.000000 0.000000 0.000000 0.000000 0.000000
0.000000 0.000000 0.000000 0.000000 0.000000 0.000000 0.000000 0.000000 0.165504 0.556239 4.819358 9.680748 14.049370 19.521551 24.611657 28.598135 31.788374 34.120194 35.465546 35.209018 34.038183 31.279922 26.766363 23.155282 21.563048 19.172364 16.783279 14.225862 9.860096 5.975423 1.221787 0.257931 0.000000 0.000000 0.000000 0.000000 0.000000 0.000000 0.000000 0.000000 0.000000 0.000000 0.000000 0.000000 0.000000 0.000000 0.000000 0.000000 0.000000 0.000000 0.000000 0.000000 0.000000
0.000000 0.000000 0.000000 0.000000 0.000000 0.000000 0.000000 0.384234 0.446637 1.748586 10.323962 13.544466 18.323100 23.286797 27.415547 29.957698 32.129983 34.179489 34.745297 33.171084 30.923002 27.896048 23.165205 19.784980 18.379287 16.026554 12.415757 9.663722 5.162802 0.991359 0.322970 0.000000 0.000000 0.000000 0.000000 0.000000 0.000000 0.000000 0.000000 0.000000 0.000000 0.000000 0.000000 0.000000 0.000000 0.000000 0.000000 0.000000 0.000000 0.000000 0.000000 0.000000 0.000000
0.000000 0.000000 0.000000 0.000000 0.249366 0.328191 0.880485 1.359387 6.626727 7.249797 11.567998 16.221063 20.939291 25.328307 28.211160 29.652992 31.065151 31.939508 31.661216 29.229256 27.140378 23.830386 20.039481 16.362264 14.079793 11.825518 8.831595 3.298623 1.050475 0.106417 0.049080 0.000000 0.000000 0.000000 0.000000 0.000000 0.000000 0.000000 0.000000 0.000000 0.000000 0.000000 0.000000 0.000000 0.000000 0.000000 0.000000 0.000000 0.000000 0.000000 0.000000 0.000000 0.000000
0.000000 0.000000 0.147774 0.277958 0.712294 1.065728 1.453141 1.959183 8.468625 10.509047 13.560622 17.438440 21.305624 24.488409 26.136099 26.667883 27.162605 27.033657 25.006234 23.059320 21.020052 18.234515 15.338609 12.632567 10.058603 1.940181 1.325572 0.509700 0.049910 0.000000 0.000000 0.000000 0.000000 0.000000 0.000000 0.000000 0.000000 0.000000 0.000000 0.000000 0.000000 0.000000 0.000000 0.000000 0.000000 0.000000 0.000000 0.000000 0.000000 0.000000 0.000000 0.000000 0.000000
0.000000 0.000000 0.332286 0.848115 0.661665 5.839978 6.940528 8.218637 9.327595 11.336480 15.264629 18.991968 21.831144 22.657640 22.491161 21.674174 22.091632 21.377868 20.037308 17.933990 15.439139 12.781654 11.289307 7.815514 1.718391 1.150110 0.383480 0.156616 0.000000 0.000000 0.000000 0.000000 0.000000 0.000000 0.000000 0.000000 0.000000 0.000000 0.000000 0.000000 0.000000 0.000000 0.000000 0.000000 0.000000 0.000000 0.000000 0.000000 0.000000 0.000000 0.000000 0.000000 0.000000
0.056417 0.172619 0.795041 1.408023 5.940360 8.071149 9.025617 9.355223 9.587975 11.005532 16.331714 20.312121 22.047935 21.839138 18.808590 16.130098 16.594882 15.776597 14.912383 13.061176 10.705888 7.311335 2.597781 1.252771 0.361914 0.157994 0.000000 0.000000 0.000000 0.000000 0.000000 0.000000 0.000000 0.000000 0.000000 0.000000 0.000000 0.000000 0.000000 0.000000 0.000000 0.000000 0.000000 0.000000 0.000000 0.000000 0.000000 0.000000 0.000000 0.000000 0.000000 0.000000 0.000000
0.113432 0.192295 1.208696 1.951543 6.101351 7.747611 7.657203 1.504887 1.586470 10.546247 16.274206 19.763637 20.748403 19.444178 16.181633 7.717255 7.546955 8.115166 4.269918 3.216991 1.603679 1.015972 0.336841 0.166373 0.048526 0.000000 0.000000 0.000000 0.000000 0.000000 0.000000 0.000000 0.000000 0.000000 0.000000 0.000000 0.000000 0.000000 0.000000 0.000000 0.000000 0.000000 0.000000 0.000000 0.000000 0.000000 0.000000 0.000000 0.000000 0.000000 0.000000 0.000000 0.000000
0.168623 0.210130 1.354276 2.449787 5.914097 6.246913 1.195812 0.972201 1.132370 11.945214 15.297290 17.876051 18.434570 10.865816 6.384310 4.104808 2.356334 0.678990 0.274824 0.320816 0.164889 0.177224 0.048561 0.000000 0.000000 0.000000 0.000000 0.000000 0.000000 0.000000 0.000000 0.000000 0.000000 0.000000 0.000000 0.000000 0.000000 0.000000 0.000000 0.000000 0.000000 0.000000 0.000000 0.000000 0.000000 0.000000 0.000000 0.000000 0.000000 0.000000 0.000000 0.000000 0.000000
0.128422 0.132427 0.668025 0.667989 0.688832 0.893405 3.392484 1.122727 8.872505 11.454268 13.980199 15.305330 14.216682 9.654823 3.919839 1.608439 0.329900 0.112349 0.000000 0.000000 0.000000 0.000000 0.000000 0.000000 0.000000 0.000000 0.000000 0.000000 0.000000 0.000000 0.000000 0.000000 0.000000 0.000000 0.000000 0.000000 0.000000 0.000000 0.000000 0.000000 0.000000 0.000000 0.000000 0.000000 0.000000 0.000000 0.000000 0.000000 0.000000 0.000000 0.000000 0.000000 0.000000
0.237254 0.248326 0.236481 0.225646 0.247660 0.359552 0.284053 1.067893 8.032220 9.679400 8.521365 8.807542 8.620697 4.276972 1.016583 0.546567 0.053774 0.000000 0.000000 0.000000 0.000000 0.000000 0.000000 0.000000 0.000000 0.000000 0.000000 0.000000 0.000000 0.000000 0.000000 0.000000 0.000000 0.000000 0.000000 0.000000 0.000000 0.000000 0.000000 0.000000 0.000000 0.000000 0.000000 0.000000 0.000000 0.000000 0.000000 0.000000 0.000000 0.000000 0.000000 0.000000 0.000000
0.113896 0.123983 0.000000 0.000000 0.000000 0.122850 0.373095 0.951975 1.834547 4.146778 10.713392 9.232719 3.983813 0.881197 0.175655 0.050557 0.000000 0.000000 0.000000 0.000000 0.000000 0.000000 0.000000 0.000000 0.000000 0.000000 0.000000 0.000000 0.000000 0.000000 0.000000 0.000000 0.000000 0.000000 0.000000 0.000000 0.000000 0.000000 0.000000 0.000000 0.000000 0.000000 0.000000 0.000000 0.000000 0.000000 0.000000 0.000000 0.000000 0.000000 0.000000 0.000000 0.000000
0.000000 0.000000 0.000000 0.000000 0.052303 0.165630 0.319510 0.823852 1.193293 2.295235 7.779595 2.665943 1.032758 0.390946 0.110260 0.000000 0.000000 0.000000 0.000000 0.000000 0.000000 0.000000 0.000000 0.000000 0.000000 0.000000 0.000000 0.000000 0.000000 0.000000 0.000000 0.000000 0.000000 0.000000 0.000000 0.000000 0.000000 0.000000 0.000000 0.000000 0.000000 0.000000 0.000000 0.000000 0.000000 0.000000 0.000000 0.000000 0.000000 0.000000 0.000000 0.000000 0.000000
0.000000 0.000000 0.000000 0.000000 0.000000 0.107790 0.124878 0.282213 1.780083 2.004826 2.471809 0.772018 0.589763 0.000000 0.000000 0.000000 0.000000 0.000000 0.000000 0.000000 0.000000 0.000000 0.000000 0.000000 0.000000 0.000000 0.000000 0.000000 0.000000 0.000000 0.000000 0.000000 0.000000 0.000000 0.000000 0.000000 0.000000 0.000000 0.000000 0.000000 0.000000 0.000000 0.000000 0.000000 0.000000 0.000000 0.000000 0.000000 0.000000 0.000000 0.000000 0.000000 0.000000
0.000000 0.000000 0.000000 0.000000 0.000000 0.053587 0.054212 0.250716 0.619365 1.013765 0.909338 0.215646 0.000000 0.000000 0.000000 0.000000 0.000000 0.000000 0.000000 0.000000 0.000000 0.000000 0.000000 0.000000 0.000000 0.000000 0.000000 0.000000 0.000000 0.000000 0.000000 0.000000 0.000000 0.000000 0.000000 0.000000 0.000000 0.000000 0.000000 0.000000 0.000000 0.000000 0.000000 0.000000 0.000000 0.000000 0.000000 0.000000 0.000000 0.000000 0.000000 0.000000 0.000000
0.000000 0.000000 0.000000 0.000000 0.000000 0.000000 0.000000 0.056250 0.426230 0.480227 0.450486 0.054108 0.000000 0.000000 0.000000 0.000000 0.000000 0.000000 0.000000 0.000000 0.000000 0.000000 0.000000 0.000000 0.000000 0.000000 0.000000 0.000000 0.000000 0.000000 0.000000 0.000000 0.000000 0.000000 0.000000 0.000000 0.000000 0.000000 0.000000 0.000000 0.000000 0.000000 0.000000 0.000000 0.000000 0.000000 0.000000 0.000000 0.000000 0.000000 0.000000 0.000000 0.000000
0.000000 0.000000 0.000000 0.000000 0.000000 0.000000 0.000000 0.000000 0.109083 0.185510 0.065038 0.000000 0.000000 0.000000 0.000000 0.000000 0.000000 0.000000 0.000000 0.000000 0.000000 0.000000 0.000000 0.000000 0.000000 0.000000 0.000000 0.000000 0.000000 0.000000 0.000000 0.000000 0.000000 0.000000 0.000000 0.000000 0.000000 0.000000 0.000000 0.000000 0.000000 0.000000 0.000000 0.000000 0.000000 0.000000 0.000000 0.000000 0.000000 0.000000 0.000000 0.000000 0.000000
