0.000000 0.000000 0.000000 0.000000 0.000000 0.000000 0.067296 0.313714 0.195713 0.247975 0.067177 0.064329 0.070905 0.000000 0.000000 0.000000 0.000000 0.000000 0.000000 0.000000
0.000000 0.000000 0.000000 0.184205 0.298414 0.566417 1.516947 2.128286 2.197853 1.415242 0.916936 0.471550 0.454929 0.427688 0.281019 0.067043 0.000000 0.000000 0.000000 0.000000
0.000000 0.000000 0.000000 0.276281 0.650146 1.994658 3.354652 3.771535 4.234075 3.421678 1.930914 1.278049 1.111958 0.700709 0.621031 0.454499 0.328228 0.227756 0.133127 0.063898
0.000000 0.000000 0.116066 0.558258 2.225195 4.572712 5.962060 6.468292 5.942496 5.185664 4.102287 2.641471 1.859232 1.383387 1.382878 1.349741 1.410270 1.138273 0.706344 0.290029
0.212024 0.364299 0.457209 0.581992 2.078244 3.228558 5.570998 5.197215 5.091930 2.941446 2.759571 1.322488 2.903965 2.723819 2.825389 2.907746 3.596339 2.511100 0.609499 0.187880
0.255131 0.537354 1.266204 2.514480 5.532445 7.787843 8.337692 8.298740 5.911359 4.077035 2.975163 3.918189 5.347741 7.661988 9.140473 8.773559 7.017265 3.990480 0.871596 0.000000
0.178604 0.486752 1.726823 3.515394 7.066862 7.976012 8.813350 7.405878 5.126064 3.431649 2.991589 4.266606 7.250113 10.327496 12.075076 10.824322 7.588582 2.602364 0.202932 0.000000
0.000000 0.075428 0.750847 1.699759 2.505367 9.174788 9.086555 7.501237 1.888438 1.798493 1.530183 2.351480 3.719260 6.391759 7.230133 5.432906 2.138682 0.462882 0.000000 0.000000
0.000000 0.064348 0.490946 1.845934 3.872942 4.332413 3.373534 2.818992 2.562561 3.597981 4.468143 5.610018 7.326430 9.943998 9.034499 4.435034 1.116275 0.252967 0.000000 0.000000
0.000000 0.064297 0.388832 1.516504 2.297632 3.499138 2.772971 2.304711 2.234211 4.153804 6.800800 9.660963 10.726500 10.474689 7.526336 2.617006 0.547856 0.063495 0.000000 0.000000
0.000000 0.000000 0.115045 0.891764 1.291176 1.714581 1.851803 1.819717 2.299829 5.036683 9.503674 12.627825 13.608407 11.254631 7.287933 2.360035 0.521953 0.000000 0.000000 0.000000
0.000000 0.000000 0.000000 0.058353 0.124568 0.193357 1.005631 1.534956 3.188165 7.182370 11.801617 15.081475 15.286312 12.447477 8.068717 2.454103 0.428279 0.000000 0.000000 0.000000
0.000000 0.000000 0.000000 0.000000 0.000000 0.000000 0.225623 0.789481 2.886951 7.133813 12.340530 15.642849 16.038457 12.482296 7.853796 2.796037 0.525193 0.000000 0.000000 0.000000
0.000000 0.000000 0.000000 0.000000 0.000000 0.000000 0.120747 0.236923 1.649919 6.353447 12.177451 15.819838 16.052339 12.667526 7.280470 3.070211 0.541337 0.120939 0.000000 0.000000
0.000000 0.000000 0.000000 0.000000 0.000000 0.000000 0.000000 0.401511 1.492075 6.484378 12.082622 15.753962 16.109484 12.836265 7.767678 3.268744 0.854044 0.119317 0.000000 0.000000
0.000000 0.000000 0.000000 0.000000 0.000000 0.000000 0.000000 0.207284 0.724182 4.130999 10.911126 14.230651 14.213216 11.653166 8.180680 3.137931 0.612776 0.000000 0.000000 0.000000
0.000000 0.000000 0.000000 0.000000 0.000000 0.000000 0.000000 0.000000 0.062550 1.685133 7.779388 11.104037 11.426695 9.701429 6.596431 2.269151 0.455225 0.000000 0.000000 0.000000
0.000000 0.000000 0.000000 0.000000 0.000000 0.000000 0.000000 0.000000 0.000000 0.255196 3.300958 7.216784 7.732613 5.955238 3.492447 1.416107 0.129707 0.000000 0.000000 0.000000
0.000000 0.000000 0.000000 0.000000 0.000000 0.000000 0.000000 0.000000 0.000000 0.065469 0.837246 2.774177 3.604697 2.498350 1.678247 0.660618 0.000000 0.000000 0.000000 0.000000
0.000000 0.000000 0.000000 0.000000 0.000000 0.000000 0.000000 0.000000 0.000000 0.000000 0.213989 0.611454 0.854946 0.682538 0.503357 0.179132 0.000000 0.000000 0.000000 0.000000
0.000000 0.000000 0.000000 0.000000 0.000000 0.000000 0.000000 0.000000 0.000000 0.000000 0.000000 0.000000 0.056308 0.124867 0.057755 0.000000 0.000000 0.000000 0.000000 0.000000
