0.000000 0.000000 0.000000 0.066205 0.124039 0.059581 0.198990 0.164547 0.048660 0.000000 0.000000 0.000000 0.000000
0.000000 0.053324 0.274683 0.581628 1.130502 1.717553 1.985619 1.310579 0.380831 0.171657 0.069838 0.066038 0.054289
0.049206 0.176124 0.687733 1.676845 2.362980 3.292931 3.623767 2.463883 0.783839 0.530000 0.257018 0.142967 0.127202
0.108441 0.316212 0.733662 1.529147 2.277976 2.986723 3.081292 2.131409 0.821733 0.528955 0.256784 0.154250 0.125407
0.122131 0.289448 0.597897 1.684680 3.031411 4.486177 4.529507 2.859651 1.474920 0.825960 0.204513 0.187541 0.000000
0.053439 0.293276 0.895102 2.239903 3.373318 4.895559 5.241536 3.603665 1.536181 0.857276 0.306541 0.116769 0.000000
0.000000 0.203520 0.991354 2.349208 3.782319 4.858750 5.547817 3.645342 0.995559 0.616598 0.242463 0.120327 0.000000
0.000000 0.398280 0.788451 1.710375 1.956019 1.617995 1.676122 1.556170 0.812639 0.553543 0.352133 0.125753 0.000000
0.000000 0.127397 0.678751 1.318122 1.447532 1.522000 1.060089 0.678483 0.299784 0.227184 0.060249 0.000000 0.000000
0.000000 0.000000 0.246698 0.687732 1.009855 1.083951 0.488222 0.349582 0.159943 0.120032 0.135182 0.000000 0.000000
0.060500 0.067187 0.212182 0.314195 0.378038 0.449409 0.468467 0.302699 0.095575 0.106905 0.000000 0.000000 0.000000
0.152807 0.148301 0.271717 0.258511 0.115904 0.107813 0.244602 0.270652 0.133146 0.000000 0.000000 0.000000 0.000000
0.144875 0.143837 0.200146 0.085745 0.055789 0.000000 0.000000 0.000000 0.000000 0.000000 0.000000 0.000000 0.000000
0.058260 0.132392 0.000000 0.000000 0.000000 0.000000 0.000000 0.000000 0.000000 0.000000 0.000000 0.000000 0.000000
