0.000000 0.000000 0.000000 0.000000 0.000000 0.000000 0.000000 0.000000 0.000000 0.057323 0.053061 0.000000 0.000000 0.216802 0.172056 0.107708 0.271603 0.209781 0.213158 0.212247 0.110866 0.054585 0.053820 0.282507 0.269447 0.328824 0.288054 0.389926 0.737581 0.500510 0.058520 0.000000 0.000000 0.000000 0.000000 0.000000 0.000000 0.000000 0.000000
0.614829 0.222391 0.000000 0.000000 0.103857 0.327052 0.273786 0.482134 0.630155 0.577862 1.169515 1.873978 2.336729 1.986904 2.405199 1.563568 1.083750 1.325679 2.152379 2.540678 2.084765 2.306577 2.294762 3.450500 4.401235 4.019934 1.876003 2.925532 3.870430 3.129125 1.088693 0.170347 0.058303 0.056529 0.103101 0.000000 0.000000 0.000000 0.000000
1.762274 2.036095 3.145981 3.032291 1.699406 1.108402 1.484441 2.975572 4.301486 5.188747 5.847452 5.691028 5.208760 5.278773 5.538408 5.093082 4.658877 5.402155 6.214743 6.487336 6.204938 5.571087 5.171894 5.996404 6.837168 6.812450 6.328113 6.365825 6.644643 6.337962 5.888492 5.376703 4.502496 2.882473 0.899334 0.080396 0.087853 0.000000 0.000000
3.679997 4.187720 4.611394 4.887661 4.155295 2.106227 1.617606 3.581195 5.450696 6.360173 6.569220 6.440050 6.336881 6.570204 7.036304 7.071226 6.777150 6.719816 6.988569 7.192684 6.976820 6.717671 6.854599 7.066251 7.484277 7.428158 7.492101 7.798949 7.653070 6.820701 6.182139 5.840137 5.308719 3.984257 1.152614 0.143832 0.084998 0.000000 0.000000
1.503689 1.985951 1.850672 2.524237 3.438604 4.046597 3.627780 3.804027 4.021496 4.541856 5.734275 6.296083 6.677477 6.930597 7.182563 7.278102 7.033383 6.561157 6.242481 6.204505 6.430415 6.850497 7.052908 7.429259 7.382127 7.168493 7.227379 7.623724 7.467110 6.274388 4.770370 3.373696 1.507313 1.622341 0.678313 0.282677 0.049439 0.000000 0.000000
1.487733 1.175858 1.671681 3.399153 4.688859 5.526754 6.101768 5.813275 4.500812 3.802872 5.334636 6.948202 7.688127 7.721182 7.581138 7.362531 7.214309 7.011706 7.001486 7.044585 7.255294 7.453654 7.706918 8.189710 8.141466 7.810976 7.582553 7.826906 7.878229 7.574202 6.903365 5.754397 3.445122 2.703689 2.076357 0.520975 0.212164 0.000000 0.000000
1.179767 1.176065 1.810209 2.954254 2.895806 2.311409 3.626782 4.921311 5.149397 4.121439 5.046073 5.991406 6.652900 7.143300 7.484710 7.628205 7.513757 7.478995 7.547965 7.502659 7.250709 7.093775 7.082531 7.479356 7.501472 7.537700 7.432707 7.451211 7.527915 7.691487 8.075977 7.617911 5.846805 3.046220 1.072414 0.808696 0.304596 0.180308 0.059737
2.719662 3.432777 4.231134 5.223470 5.129157 4.511407 5.182863 6.716618 7.246290 7.519525 7.414148 7.189949 7.196850 7.978450 8.861416 9.208578 9.222057 8.970837 8.575379 8.081397 7.689779 7.840483 7.953219 8.070535 8.063030 8.003148 8.024362 8.167830 8.193346 7.876254 8.222118 8.244330 7.146101 5.860409 4.202596 1.252115 0.555904 0.490826 0.332498
2.010006 1.824751 2.819509 4.216133 4.817659 5.319345 5.604795 5.807121 6.185334 6.720910 6.464854 6.099209 6.404547 7.066034 7.514339 7.790939 8.070940 8.098449 7.638430 6.947683 6.665559 6.793376 6.869348 7.302597 7.145604 6.584898 6.248167 6.815205 6.989396 6.207660 5.219975 4.793092 4.426389 3.277008 0.791910 0.678606 0.434536 0.384524 0.327338
0.384561 0.291347 0.310648 0.178189 0.412527 0.749255 0.863364 0.608957 0.633965 0.723878 0.450042 0.291316 0.399075 1.210287 1.459606 0.821989 1.636871 3.675715 2.952974 3.126042 2.315154 0.902273 2.234608 3.414328 3.723761 1.730405 1.618781 2.074963 1.626332 0.924595 0.856000 0.740572 0.398451 0.104701 0.052629 0.000000 0.061134 0.067877 0.063750
0.054076 0.050077 0.186481 0.170369 0.055254 0.000000 0.000000 0.099363 0.170146 0.331557 0.156275 0.113049 0.182351 0.514619 0.623749 0.706646 1.793420 3.269662 3.417982 3.514530 3.526575 1.698416 1.710770 3.162388 3.501007 2.892391 3.281152 3.238720 3.202958 2.567757 1.312893 0.590630 0.248067 0.000000 0.000000 0.000000 0.000000 0.000000 0.000000
0.000000 0.000000 0.000000 0.000000 0.000000 0.000000 0.000000 0.000000 0.000000 0.000000 0.000000 0.000000 0.000000 0.000000 0.102223 0.166401 0.268462 0.482097 0.513813 0.221312 0.000000 0.101792 0.049841 0.000000 0.264220 0.199119 0.421799 0.598213 0.417361 0.162609 0.048807 0.058196 0.000000 0.000000 0.000000 0.000000 0.000000 0.000000 0.000000
