0.000000 0.000000 0.000000 0.000000 0.000000 0.000000 0.000000 0.000000 0.000000 0.000000 0.000000 0.000000 0.057485 0.201873 0.202076 0.068281 0.078388 0.259450 0.199173 0.058590 0.000000 0.000000 0.000000 0.000000 0.000000 0.000000 0.000000 0.000000 0.000000
0.054771 0.071626 0.277011 0.194704 0.123303 0.116312 0.183670 0.088874 0.197011 0.125194 0.116115 0.169299 0.255916 0.509175 0.778642 0.703726 0.577535 0.813046 0.707483 0.116730 0.000000 0.000000 0.000000 0.000000 0.000000 0.000000 0.000000 0.000000 0.000000
0.136329 0.320004 0.469536 0.454467 0.498010 0.728256 1.030510 0.722149 0.721839 0.705196 0.776665 1.047696 0.967227 1.011288 1.555317 1.301543 1.060579 1.289624 1.405882 1.025367 0.799109 0.438867 0.121516 0.077236 0.216151 0.211804 0.122746 0.000000 0.000000
0.111597 0.331699 0.501255 0.819868 1.022484 1.437852 1.586448 1.317075 1.417165 1.682155 1.662676 1.974982 2.084869 1.471918 2.067441 1.944462 1.666614 2.094527 2.565430 2.466847 1.867882 1.217877 0.626424 0.222990 0.272056 0.226110 0.157615 0.173821 0.000000
0.062387 0.294593 0.532214 0.907415 1.245271 1.612728 1.604843 1.377828 1.471074 1.835630 2.165083 2.726018 2.464443 1.836275 2.104789 2.029850 1.661229 2.040361 2.508677 2.791323 2.420350 1.490505 0.786204 0.400521 0.306107 0.150388 0.162708 0.315895 0.065230
0.000000 0.197987 0.259536 0.449117 0.576448 0.890789 0.911980 1.027083 1.325088 1.907841 1.679149 1.899846 1.887857 2.065766 2.257239 2.527354 1.547420 2.197843 1.988876 2.056375 2.060410 1.173917 1.036776 0.405229 0.225761 0.054217 0.106258 0.187369 0.123250
0.000000 0.063725 0.063559 0.165636 0.331779 0.469497 0.433354 0.907625 1.596913 1.760556 1.733681 2.532918 2.423265 2.134867 3.300660 2.409849 2.070071 1.600541 1.640181 1.348326 1.324172 0.900223 0.402025 0.260378 0.105793 0.000000 0.000000 0.069143 0.060671
0.000000 0.074450 0.226677 0.299878 0.465891 0.634834 0.919332 1.688998 2.176274 2.374333 2.214014 2.300100 2.037470 2.318276 3.483571 2.670947 1.839518 1.425869 0.988371 0.904143 0.643641 0.379990 0.229691 0.061564 0.056453 0.000000 0.000000 0.000000 0.000000
0.000000 0.066911 0.311570 0.364361 0.356454 0.626181 1.088092 1.790168 2.109055 1.898376 1.767195 1.870748 1.752403 2.507082 3.392621 2.764385 2.126121 2.034002 0.899695 0.582168 0.645451 0.241816 0.053338 0.000000 0.000000 0.000000 0.000000 0.000000 0.000000
0.000000 0.090201 0.271769 0.386997 0.468067 0.568781 0.906408 1.626484 2.207638 1.755675 2.040259 2.178289 1.883376 2.616386 3.519910 2.669696 2.817627 2.820278 1.317834 0.557361 0.388923 0.208901 0.075229 0.000000 0.000000 0.000000 0.000000 0.000000 0.000000
0.000000 0.164194 0.175703 0.284298 0.537140 0.633958 0.948514 1.471674 2.327773 2.367755 2.131419 2.094272 2.264721 2.929432 3.135842 2.588585 3.201459 2.992163 1.119122 0.598611 0.304331 0.144248 0.072924 0.000000 0.000000 0.000000 0.000000 0.000000 0.000000
0.000000 0.064483 0.123347 0.211824 0.371185 0.753784 0.991962 1.513168 1.811012 2.030306 1.794719 1.282123 1.434316 1.904715 1.778575 1.835033 2.027034 2.511577 1.060675 0.447043 0.083494 0.000000 0.000000 0.000000 0.000000 0.000000 0.000000 0.000000 0.000000
0.000000 0.000000 0.000000 0.073251 0.206732 0.396047 0.703006 0.721311 0.568414 0.790080 0.737240 0.641335 0.600709 0.448321 0.893605 0.957401 1.197407 1.126626 0.399332 0.291486 0.061076 0.000000 0.000000 0.000000 0.000000 0.000000 0.000000 0.000000 0.000000
0.000000 0.000000 0.000000 0.000000 0.000000 0.053965 0.124759 0.451575 0.391154 0.369204 0.380816 0.402847 0.309742 0.250091 0.301398 0.260814 0.292982 0.473224 0.391542 0.134649 0.142044 0.000000 0.000000 0.000000 0.000000 0.000000 0.000000 0.000000 0.000000
0.000000 0.000000 0.000000 0.000000 0.000000 0.071514 0.129648 0.118225 0.000000 0.056950 0.052934 0.132605 0.000000 0.142002 0.153291 0.122584 0.056720 0.269900 0.181459 0.137474 0.121745 0.000000 0.000000 0.000000 0.000000 0.000000 0.000000 0.000000 0.000000
0.000000 0.000000 0.000000 0.000000 0.000000 0.000000 0.000000 0.000000 0.000000 0.000000 0.000000 0.000000 0.000000 0.000000 0.000000 0.000000 0.000000 0.063104 0.112819 0.000000 0.000000 0.000000 0.000000 0.000000 0.000000 0.000000 0.000000 0.000000 0.000000
