0.000000 0.073246 0.066789 0.110273 0.185866 0.607551 0.734009 0.796970 0.656597 0.426869 0.060306 0.000000 0.000000 0.000000 0.000000 0.000000 0.000000
0.064129 0.072125 0.190452 0.200917 0.310310 0.818673 1.043880 1.656075 1.348355 0.836919 0.105941 0.000000 0.000000 0.000000 0.000000 0.000000 0.000000
0.067221 0.130508 0.293768 0.843904 1.082696 1.677734 3.815639 3.895036 3.618359 1.524664 0.700330 0.051812 0.000000 0.000000 0.000000 0.000000 0.000000
0.052428 0.122831 0.728276 1.360456 7.281818 8.503438 9.223135 7.682627 6.190701 6.695384 1.611375 0.292058 0.000000 0.000000 0.000000 0.000000 0.000000
0.000000 0.064382 0.743520 8.232191 10.549596 11.429314 12.104017 10.186378 8.581952 7.522947 0.639133 0.418313 0.000000 0.000000 0.000000 0.000000 0.000000
0.000000 0.195411 0.445422 7.050764 11.493439 14.271774 15.190848 13.405734 9.954582 7.958825 2.581854 0.576685 0.000000 0.000000 0.000000 0.000000 0.000000
0.000000 0.117263 0.451046 2.962525 11.422866 15.565444 17.505639 16.436713 12.206921 8.924185 4.114091 0.686251 0.000000 0.000000 0.000000 0.000000 0.000000
0.000000 0.000000 0.341262 1.406943 10.193741 15.736941 18.855124 18.161767 12.609985 8.504091 2.334634 0.215007 0.000000 0.000000 0.000000 0.000000 0.000000
0.000000 0.108128 0.801950 1.790352 11.460904 16.892310 19.408260 18.204241 13.104627 7.684423 0.464634 0.225565 0.000000 0.000000 0.000000 0.000000 0.000000
0.048741 0.126516 1.000874 7.899047 13.608185 18.033354 19.144824 16.552133 11.872366 4.724587 0.453897 0.059417 0.000000 0.000000 0.000000 0.000000 0.000000
0.104245 0.113098 1.472022 9.324816 14.942980 17.551520 16.893728 13.492418 9.353615 2.414050 0.652124 0.082654 0.000000 0.000000 0.000000 0.000000 0.000000
0.067696 0.345670 1.606364 10.715583 13.291561 13.382923 12.064238 9.426687 2.014187 1.424618 0.671579 0.141911 0.105685 0.283825 0.320640 0.063247 0.000000
0.188033 0.438519 4.777306 11.277012 10.529312 9.014696 6.882406 3.425496 2.767621 1.635011 0.828855 0.638692 0.692301 0.645266 0.662228 0.288105 0.000000
0.192110 0.678087 1.944332 6.066033 7.190708 5.998137 1.921612 1.508081 1.446294 1.375929 1.210408 1.289988 1.564340 0.913916 0.553194 0.298042 0.190201
0.235005 0.875974 1.416479 2.512447 2.683117 2.348761 1.775841 1.395866 1.225213 1.653417 2.211680 2.949445 2.618058 1.202933 0.545130 0.285412 0.126455
0.119811 0.485472 1.143474 1.296042 1.810129 1.925569 2.008136 2.022274 4.249301 14.678482 15.457673 14.790617 3.245413 1.482024 0.764624 0.258299 0.067654
0.000000 0.057507 0.212154 0.606620 1.038521 0.999546 1.065633 1.613597 3.382478 13.189143 13.905795 4.915487 2.015645 1.417057 0.780372 0.206703 0.130816
0.000000 0.000000 0.074007 0.108250 0.270825 0.298877 1.253862 2.220036 3.162402 3.123900 3.345922 3.008291 1.610917 0.937060 0.514102 0.237074 0.166243
0.000000 0.000000 0.000000 0.000000 0.000000 0.346128 0.840936 1.245717 1.569526 1.582270 1.788460 1.468947 0.901177 0.519050 0.122841 0.056788 0.070155
0.000000 0.000000 0.000000 0.000000 0.000000 0.473860 0.524830 0.617612 0.507039 0.586551 0.520234 0.613299 0.459225 0.219570 0.000000 0.000000 0.000000
0.000000 0.000000 0.000000 0.000000 0.000000 0.055160 0.352704 0.288912 0.110972 0.000000 0.166120 0.239546 0.287710 0.063225 0.000000 0.000000 0.000000
0.000000 0.000000 0.000000 0.000000 0.000000 0.000000 0.000000 0.000000 0.000000 0.000000 0.000000 0.056294 0.110525 0.000000 0.000000 0.000000 0.000000
