0.000000 0.000000 0.000000 0.124290 0.196832 0.462285 0.284277 0.056019 0.185917 0.130414 0.132447 0.196140 0.084413 0.060529 0.000000 0.000000 0.000000 0.000000 0.000000 0.068523 0.126852 0.000000 0.000000 0.000000 0.000000 0.000000 0.000000 0.000000 0.000000 0.000000 0.000000 0.000000
0.000000 0.000000 0.178004 0.544998 1.388431 1.698004 1.709355 1.423606 1.332903 1.510594 1.018014 1.004747 1.150866 0.692414 0.534609 0.519953 0.404207 0.189985 0.118589 0.214131 0.160708 0.134708 0.000000 0.068114 0.075741 0.000000 0.000000 0.000000 0.000000 0.000000 0.000000 0.000000
0.000000 0.131938 0.630326 1.413401 3.314603 4.352719 4.837142 4.950967 4.735447 4.968976 4.444867 3.922693 3.009603 2.427710 1.941474 1.689712 1.414745 1.000792 0.474540 0.791966 0.593375 0.393224 0.257280 0.195244 0.205194 0.135171 0.000000 0.000000 0.000000 0.000000 0.000000 0.000000
0.000000 0.513322 1.781287 4.037404 5.441496 6.914259 7.748368 8.039969 7.775094 7.611580 7.271126 7.178874 6.768127 5.848741 4.769137 3.694201 3.030969 2.826524 2.238805 2.166140 1.756609 1.181651 0.876505 0.637967 0.664056 0.417996 0.154176 0.058982 0.125491 0.067903 0.000000 0.000000
0.126454 1.012519 3.339134 6.050055 8.365350 9.996556 10.180572 10.046755 9.431340 9.562652 9.614485 9.657968 9.222540 8.034877 6.715225 5.269748 4.497189 4.534303 4.051524 3.693600 3.317085 3.300973 2.519815 1.605994 1.387050 1.228018 0.790916 0.665666 0.432774 0.519303 0.209073 0.055736
0.289436 1.902135 4.796997 8.495079 10.941886 12.336423 12.677764 11.870766 10.988472 11.021147 10.899071 10.481355 9.806176 8.774719 8.184564 7.114912 5.949630 6.363075 7.066969 7.426495 8.175854 6.792260 4.654863 3.993815 3.098016 2.824096 2.264163 1.489628 0.973526 0.688465 0.502093 0.075839
0.228464 1.720668 6.196987 9.707165 11.792466 12.319622 12.282821 11.746083 10.786653 10.790525 10.575839 10.282341 9.505347 8.594076 7.474193 7.501479 7.855471 8.156957 9.460330 9.976709 9.853064 8.572893 6.282174 4.912516 4.540551 4.439338 3.537895 2.383960 1.288638 0.767121 0.537366 0.183076
0.055015 1.580130 5.394884 8.949208 10.363793 10.503929 10.785818 10.580911 9.697549 9.213381 9.262033 8.768267 8.852071 8.048543 7.061896 7.148289 8.669163 10.179387 11.214107 11.746011 11.410982 10.366287 8.708066 6.657504 5.540147 4.665640 4.004876 3.125084 1.714761 0.798542 0.534679 0.304406
0.000000 0.558364 2.759448 5.797856 6.744859 7.198924 8.018311 8.413655 8.452581 7.966256 7.131395 7.304994 7.827044 7.498511 6.962718 7.202446 8.261937 10.316273 11.882094 12.529959 12.112132 11.646160 10.309729 8.189577 5.751629 4.060849 3.580059 2.539823 1.621847 0.665213 0.364026 0.268116
0.000000 0.055475 0.299109 1.217471 2.223390 3.690497 3.949381 5.762618 6.420894 6.448894 6.175593 6.127619 6.352723 6.400512 6.332715 6.706637 7.107167 8.694847 10.463999 11.952133 12.057494 11.674322 10.800689 8.789001 5.451678 3.095448 2.219924 1.091744 0.519619 0.062652 0.000000 0.000000
0.000000 0.000000 0.000000 0.332660 0.646851 1.450942 2.398825 3.803587 4.435469 4.536994 4.486293 4.656813 4.958454 5.249618 5.134704 5.393339 5.518276 5.976981 7.994309 9.832315 10.546462 10.694564 9.513340 7.397806 4.321320 2.608590 1.759836 0.839813 0.181477 0.055687 0.000000 0.000000
0.000000 0.000000 0.000000 0.072512 0.288942 0.561513 1.251498 2.349308 3.339343 3.611708 3.636371 3.816017 4.559078 4.869449 3.970568 4.053035 3.910259 4.207430 5.486698 6.995626 8.777032 9.126499 7.493495 4.955538 2.762847 1.859817 1.573650 0.728352 0.145962 0.067706 0.000000 0.000000
0.000000 0.000000 0.000000 0.000000 0.000000 0.161174 0.464882 0.792814 1.127942 0.962697 1.526293 1.512220 1.843320 2.428480 2.439350 2.056101 1.548682 1.740054 1.831914 2.546142 3.177215 3.880521 2.615911 1.813437 0.902967 0.386592 0.344762 0.183907 0.057617 0.000000 0.000000 0.000000
0.000000 0.000000 0.000000 0.000000 0.000000 0.000000 0.117633 0.134511 0.000000 0.170451 0.234664 0.190707 0.193005 0.888428 1.295876 1.005738 0.506588 0.786791 0.884855 0.626223 0.776741 1.020707 0.924931 0.563560 0.057346 0.000000 0.000000 0.000000 0.000000 0.000000 0.000000 0.000000
0.000000 0.000000 0.000000 0.000000 0.000000 0.000000 0.000000 0.000000 0.000000 0.000000 0.000000 0.000000 0.000000 0.000000 0.239439 0.194293 0.218694 0.381509 0.193207 0.000000 0.073816 0.152614 0.074085 0.000000 0.000000 0.000000 0.000000 0.000000 0.000000 0.000000 0.000000 0.000000
