0.000000 0.104728 0.166005 0.061880 0.000000 0.000000 0.000000 0.000000 0.000000
0.219360 0.637422 0.578584 0.150875 0.000000 0.000000 0.000000 0.000000 0.000000
0.233469 1.237995 1.398433 0.283652 0.000000 0.000000 0.000000 0.000000 0.000000
0.108751 0.643484 2.398569 0.621012 0.106995 0.000000 0.000000 0.000000 0.000000
0.158750 0.321725 3.118085 0.497125 0.167568 0.000000 0.000000 0.000000 0.000000
0.051158 1.056118 3.345204 0.505336 0.232348 0.000000 0.000000 0.000000 0.000000
0.106803 1.587509 3.596995 1.122593 0.662723 0.117939 0.000000 0.000000 0.000000
0.000000 1.423466 3.354084 1.679123 1.902499 0.535457 0.051350 0.000000 0.000000
0.050417 2.283781 3.627738 3.464392 3.693020 3.154124 0.396914 0.154941 0.048676
0.233747 1.520882 3.266487 2.531127 2.493649 2.759502 1.273091 0.220304 0.065464
0.188288 0.747416 1.048340 2.388311 2.202132 2.749742 2.412077 0.227273 0.074397
0.000000 0.049611 0.280689 1.289261 2.477901 2.441747 2.344641 0.506500 0.049480
0.000000 0.000000 0.048990 0.423975 0.626342 1.191851 1.002446 0.433797 0.000000
0.000000 0.000000 0.000000 0.064394 0.111091 0.156652 0.055186 0.051768 0.000000
