0.000000 0.000000 0.000000 0.433886 0.477336 0.277244 0.000000 0.000000 0.000000 0.000000 0.000000 0.000000 0.000000 0.000000
0.000000 0.000000 2.444055 1.801479 0.746016 0.162694 0.000000 0.000000 0.000000 0.000000 0.000000 0.000000 0.000000 0.000000
0.000000 3.593794 2.333368 1.740414 0.997359 0.252500 0.000000 0.000000 0.000000 0.000000 0.000000 0.000000 0.000000 0.000000
0.000000 2.739484 2.329252 1.733198 0.996172 0.308696 0.000000 0.000000 0.000000 0.000000 0.000000 0.000000 0.000000 0.000000
0.000000 3.095807 2.687822 1.906441 0.987767 0.303939 0.000000 0.000000 0.000000 0.000000 0.000000 0.000000 0.000000 0.000000
0.000000 4.346265 2.550760 1.802070 0.746356 0.120156 0.000000 0.000000 0.000000 0.000000 0.000000 0.000000 0.000000 0.000000
0.000000 5.595674 4.752203 3.682723 2.098647 0.517425 0.194540 0.092190 0.000000 0.000000 0.000000 0.000000 0.000000 0.000000
6.242667 5.192339 4.448968 3.481887 2.115689 0.675914 0.343654 0.088114 0.000000 0.000000 0.000000 0.000000 0.000000 0.000000
0.000000 5.962472 5.213850 3.844932 2.101498 0.657472 0.439434 0.126753 0.142947 0.101157 0.000000 0.000000 0.000000 0.000000
0.000000 8.865782 6.398559 3.921933 1.731486 0.983604 0.754570 0.572492 0.400615 0.431678 0.262639 0.127148 0.000000 0.000000
66.918848 64.762513 9.391988 6.531795 3.524280 1.568368 1.124787 0.822427 1.072691 1.253249 0.742130 0.446898 0.174089 0.130092
65.355530 64.757048 63.858175 62.403051 3.875731 1.748447 1.309319 1.339172 1.766646 1.823362 1.396404 1.033053 0.312364 0.125426
66.918848 64.751568 63.874741 6.424928 3.601831 2.031945 1.649820 1.164200 0.874654 0.927238 0.885334 0.476483 0.182266 0.000000
0.000000 64.997083 63.867566 6.378048 4.189505 4.149816 3.169568 1.775884 0.381418 0.206836 0.263897 0.118893 0.000000 0.000000
0.000000 0.000000 64.537667 7.079653 6.970320 5.327677 3.400293 1.396471 0.052883 0.000000 0.000000 0.000000 0.000000 0.000000
0.000000 0.000000 3.393330 2.181393 1.579503 2.003721 1.023532 0.376770 0.000000 0.000000 0.000000 0.000000 0.000000 0.000000
0.000000 2.318915 1.627828 1.140978 0.551936 0.080081 0.000000 0.000000 0.000000 0.000000 0.000000 0.000000 0.000000 0.000000
0.000000 1.739269 1.344188 0.918856 0.527178 0.073000 0.000000 0.000000 0.000000 0.000000 0.000000 0.000000 0.000000 0.000000
0.000000 1.671274 1.261546 0.840999 0.445191 0.064586 0.000000 0.000000 0.000000 0.000000 0.000000 0.000000 0.000000 0.000000
0.000000 1.378377 1.011876 0.766381 0.350423 0.000000 0.000000 0.000000 0.000000 0.000000 0.000000 0.000000 0.000000 0.000000
0.000000 0.651573 0.485642 0.350560 0.155531 0.000000 0.000000 0.000000 0.000000 0.000000 0.000000 0.000000 0.000000 0.000000
0.838397 0.491625 0.404032 0.283774 0.145367 0.000000 0.000000 0.000000 0.000000 0.000000 0.000000 0.000000 0.000000 0.000000
0.838397 0.476000 0.384725 0.265129 0.133545 0.000000 0.000000 0.000000 0.000000 0.000000 0.000000 0.000000 0.000000 0.000000
0.000000 0.356096 0.303218 0.217139 0.066272 0.000000 0.000000 0.000000 0.000000 0.000000 0.000000 0.000000 0.000000 0.000000
0.000000 0.122787 0.114106 0.088502 0.000000 0.000000 0.000000 0.000000 0.000000 0.000000 0.000000 0.000000 0.000000 0.000000
