0.247878 0.188168 0.156553 0.057348 0.000000 0.000000 0.000000 0.000000 0.000000
0.324419 0.466152 0.465870 0.221602 0.075191 0.000000 0.000000 0.000000 0.000000
0.506251 0.984219 1.351779 0.764223 0.327336 0.126095 0.000000 0.000000 0.000000
0.480468 1.033613 1.950956 1.891337 1.154594 0.546937 0.186367 0.000000 0.000000
0.709909 1.014446 2.215414 2.673832 1.794402 0.840771 0.215201 0.000000 0.000000
0.789392 1.567788 2.722226 4.110898 4.002722 1.389357 0.149921 0.000000 0.000000
0.911417 1.501647 3.132593 4.534374 5.165321 1.395624 0.469413 0.000000 0.000000
1.354173 2.293745 4.146380 5.388576 5.818318 4.667993 0.800797 0.000000 0.000000
2.282901 4.166224 6.382577 7.066128 6.779950 5.591120 1.165597 0.231870 0.000000
3.266416 5.740509 7.399054 7.495063 7.568403 6.608767 2.927118 0.438113 0.000000
5.827013 7.138533 8.423258 8.704133 8.635217 7.354237 3.480348 0.604423 0.000000
7.260801 8.441779 9.475076 9.922222 9.575957 7.533578 4.035185 0.656064 0.000000
6.829614 8.226814 9.526865 10.543880 10.179728 7.909343 3.506120 0.397617 0.000000
6.538064 8.732570 10.331755 11.385582 10.576224 7.666643 3.155913 0.649999 0.000000
7.023646 8.411279 10.983131 11.737478 10.492045 7.569806 2.258594 0.642075 0.000000
7.947486 8.552257 10.707057 11.145291 10.023694 7.947643 2.535291 0.557957 0.050173
8.389670 9.451243 10.146995 10.246909 9.281228 7.281081 1.571275 0.364406 0.049771
8.929491 9.697011 9.761521 9.392577 8.399683 6.143373 1.151906 0.114899 0.000000
8.338319 9.350734 9.150153 8.720590 6.976497 3.446942 0.722279 0.053100 0.000000
7.755206 8.166993 7.852541 6.708758 5.678106 2.309387 0.650230 0.054897 0.000000
6.555981 6.567453 6.002910 5.189799 1.829004 1.347550 0.456669 0.000000 0.000000
4.440076 4.292471 3.921771 1.912237 0.978293 0.572666 0.052044 0.000000 0.000000
2.589748 2.705474 1.756389 0.985874 0.442230 0.000000 0.000000 0.000000 0.000000
1.284682 1.332215 0.896716 0.539563 0.058801 0.000000 0.000000 0.000000 0.000000
0.623282 0.651879 0.297467 0.208136 0.000000 0.000000 0.000000 0.000000 0.000000
0.000000 0.103351 0.056499 0.000000 0.000000 0.000000 0.000000 0.000000 0.000000
