0.000000 0.000000 0.000000 0.000000 0.000000 0.000000 0.000000 0.000000 0.061093 0.105264 0.000000 0.057680 0.119131 0.058493 0.000000 0.000000 0.000000 0.000000 0.000000 0.000000 0.000000 0.000000 0.000000 0.000000 0.000000 0.000000 0.000000 0.000000
0.000000 0.000000 0.000000 0.000000 0.000000 0.049767 0.118980 0.296886 0.517469 0.396796 0.262890 0.106831 0.160814 0.205189 0.159170 0.066761 0.062005 0.049564 0.100730 0.101264 0.000000 0.000000 0.055819 0.068690 0.109486 0.053159 0.000000 0.000000
0.000000 0.116484 0.225274 0.163014 0.367009 1.261889 2.292693 2.496203 3.144229 2.937644 1.969268 1.809940 2.489291 2.758341 2.513245 1.968978 1.945827 2.096646 1.692214 1.346940 1.169513 0.945943 0.675849 0.609065 0.650536 0.412993 0.341834 0.157097
0.059367 0.420209 0.609543 1.021967 1.811788 3.406468 3.792314 4.192274 4.719036 4.959369 4.769896 4.633980 4.802031 4.848691 4.677066 4.489634 4.390911 4.428439 4.188412 3.820963 3.471225 3.295374 2.696096 2.503704 2.258595 1.666716 1.159463 0.432442
0.058543 0.184713 0.140136 0.181255 1.064391 1.955188 3.012240 3.873285 4.356618 4.447487 4.531867 4.342636 4.257719 4.212143 4.145544 3.898279 3.594877 3.272484 3.097434 3.030782 3.231816 2.823870 2.468057 1.227275 0.577874 0.367809 0.397372 0.119051
0.000000 0.000000 0.000000 0.000000 0.000000 0.218892 0.271057 0.743135 1.060568 0.486939 0.336028 0.296624 0.732844 0.800749 0.714944 0.596557 0.553680 0.284950 0.297176 0.329021 0.212238 0.331676 0.263367 0.059732 0.066948 0.049502 0.000000 0.000000
0.000000 0.000000 0.000000 0.000000 0.000000 0.000000 0.000000 0.000000 0.058900 0.062132 0.057181 0.133759 0.141931 0.355080 0.291304 0.071472 0.107354 0.063357 0.061241 0.053054 0.000000 0.000000 0.000000 0.000000 0.000000 0.000000 0.000000 0.000000
0.000000 0.000000 0.000000 0.000000 0.000000 0.000000 0.000000 0.000000 0.000000 0.069962 0.163653 0.508648 0.858296 0.988514 0.688480 0.165221 0.000000 0.000000 0.000000 0.000000 0.000000 0.000000 0.000000 0.000000 0.000000 0.000000 0.000000 0.000000
0.000000 0.000000 0.000000 0.000000 0.000000 0.000000 0.000000 0.000000 0.000000 0.136861 0.257542 0.479263 0.855219 0.866422 0.751517 0.325678 0.000000 0.000000 0.000000 0.000000 0.000000 0.000000 0.000000 0.000000 0.000000 0.000000 0.000000 0.000000
0.000000 0.000000 0.000000 0.000000 0.000000 0.000000 0.000000 0.000000 0.000000 0.000000 0.115393 0.064064 0.054863 0.259662 0.300689 0.108151 0.000000 0.000000 0.000000 0.000000 0.000000 0.000000 0.000000 0.000000 0.000000 0.000000 0.000000 0.000000
