0.000000 0.000000 0.000000 0.083112 0.093346 0.073597 0.000000 0.000000 0.000000 0.000000 0.000000 0.000000 0.000000 0.000000 0.000000 0.000000 0.000000 0.000000 0.000000 0.000000
0.000000 0.000000 0.000000 0.074214 0.203212 0.189222 0.112340 0.102196 0.047946 0.059266 0.000000 0.000000 0.000000 0.000000 0.000000 0.000000 0.000000 0.000000 0.000000 0.000000
0.000000 0.000000 0.000000 0.126910 0.374735 0.371547 0.355755 0.197193 0.139773 0.116990 0.000000 0.000000 0.000000 0.000000 0.000000 0.000000 0.000000 0.000000 0.000000 0.000000
0.000000 0.000000 0.055297 0.357423 0.668406 0.633025 0.597895 0.445192 0.232572 0.139918 0.000000 0.000000 0.000000 0.000000 0.000000 0.000000 0.000000 0.000000 0.000000 0.000000
0.000000 0.000000 0.164154 0.467658 0.894057 0.980901 0.897325 0.534806 0.303982 0.138092 0.061414 0.000000 0.000000 0.114747 0.064658 0.055613 0.000000 0.000000 0.000000 0.000000
0.000000 0.000000 0.129610 0.575966 1.324955 1.355621 1.249417 0.778296 0.418340 0.219614 0.116280 0.167476 0.132323 0.237086 0.227129 0.131422 0.049270 0.000000 0.000000 0.000000
0.000000 0.122058 0.284543 0.574324 1.439692 2.054904 2.409485 2.202884 1.401743 0.829420 0.374973 0.374000 0.603510 0.784877 0.694895 0.229243 0.111179 0.000000 0.000000 0.000000
0.000000 0.129392 0.290044 0.428172 1.358807 2.201870 2.878499 2.897856 2.792490 2.154984 1.809329 1.251645 1.582191 1.710484 1.409321 0.693644 0.262003 0.105246 0.000000 0.000000
0.053411 0.252638 0.339959 0.740511 1.412969 2.219293 2.595291 3.514936 4.030596 4.755910 4.375029 3.374369 2.625778 3.132119 2.268786 1.232353 0.469882 0.114086 0.000000 0.000000
0.140556 0.329988 0.450974 0.935474 1.450779 1.942105 2.980026 4.391120 5.880095 6.809046 6.700718 5.773722 5.088226 4.206591 3.154528 1.900284 0.517718 0.272731 0.048589 0.000000
0.133782 0.297278 0.375838 0.867018 1.038251 1.715060 3.522474 4.534376 6.172611 7.432900 7.831359 7.165683 6.407987 5.237124 3.548873 1.577711 0.390300 0.290780 0.129533 0.000000
0.052499 0.056918 0.179629 0.405535 0.850531 1.947542 3.625787 4.809044 6.526417 7.631996 8.378653 7.561826 6.957818 5.446462 3.494305 0.940433 0.245589 0.172324 0.000000 0.000000
0.000000 0.000000 0.053264 0.534057 0.773158 1.147219 3.650183 5.702440 6.934280 7.707281 8.019235 7.081439 6.338052 4.593455 2.439086 0.970756 0.190077 0.065534 0.000000 0.000000
0.000000 0.000000 0.000000 0.286298 0.649943 1.167584 2.836890 4.981216 6.335652 7.071367 7.127190 6.152125 5.046585 3.262986 1.735709 0.634133 0.171439 0.052872 0.000000 0.000000
0.000000 0.000000 0.000000 0.289195 0.759261 1.540382 2.957414 4.840369 5.475266 5.775418 5.781840 4.369752 2.470811 1.623854 1.228061 0.531737 0.064364 0.000000 0.000000 0.000000
0.000000 0.000000 0.053209 0.110167 0.554128 1.243308 2.920362 4.078077 4.610311 4.879446 3.932282 2.437485 0.948999 0.752783 0.368751 0.111689 0.058829 0.000000 0.000000 0.000000
0.000000 0.000000 0.065919 0.116673 0.414819 0.610882 1.445547 2.636970 3.756853 4.115622 2.872243 1.258701 0.781523 0.323295 0.092717 0.000000 0.000000 0.000000 0.000000 0.000000
0.000000 0.000000 0.125596 0.188236 0.194574 0.194245 0.607974 1.170071 2.791499 2.731758 1.998435 1.013245 0.584380 0.537769 0.280495 0.076567 0.000000 0.000000 0.000000 0.000000
0.000000 0.000000 0.063740 0.074178 0.176585 0.179121 0.269725 0.692057 1.053183 1.169814 0.941985 0.693712 0.370974 0.620034 0.590791 0.248208 0.075580 0.079943 0.000000 0.000000
0.000000 0.000000 0.000000 0.000000 0.000000 0.049277 0.101785 0.388889 0.520778 0.567744 0.561884 0.655931 0.422394 0.723037 0.526715 0.369487 0.322467 0.141876 0.000000 0.000000
0.000000 0.000000 0.000000 0.000000 0.000000 0.000000 0.064951 0.124014 0.096970 0.183823 0.049753 0.385185 0.290291 0.568746 0.608478 0.692564 0.560477 0.258808 0.058309 0.000000
0.000000 0.000000 0.000000 0.000000 0.000000 0.000000 0.000000 0.000000 0.000000 0.000000 0.000000 0.055356 0.156974 0.355363 0.516366 0.567907 0.496853 0.481395 0.143830 0.000000
0.000000 0.000000 0.000000 0.000000 0.000000 0.000000 0.000000 0.000000 0.000000 0.000000 0.000000 0.000000 0.050355 0.120730 0.116378 0.230212 0.124411 0.291931 0.151473 0.048028
0.000000 0.000000 0.000000 0.000000 0.000000 0.000000 0.000000 0.000000 0.000000 0.000000 0.000000 0.000000 0.000000 0.056952 0.053577 0.121912 0.064792 0.049538 0.099848 0.000000
