0.000000 0.000000 0.121863 0.000000 0.000000 0.000000 0.000000 0.000000 0.000000 0.000000 0.000000 0.000000 0.000000 0.000000 0.000000 0.000000 0.000000 0.000000 0.000000 0.000000
0.000000 0.288589 0.831449 2.007915 0.448751 0.000000 0.000000 0.000000 0.000000 0.000000 0.000000 0.000000 0.000000 0.000000 0.000000 0.000000 0.000000 0.000000 0.000000 0.000000
0.060525 0.913899 3.262143 3.470581 0.582744 0.121099 0.000000 0.000000 0.000000 0.000000 0.000000 0.000000 0.000000 0.000000 0.000000 0.000000 0.000000 0.000000 0.000000 0.000000
0.286800 2.921025 3.820840 3.979359 0.636889 0.068489 0.000000 0.000000 0.000000 0.000000 0.000000 0.000000 0.000000 0.000000 0.000000 0.000000 0.000000 0.000000 0.000000 0.000000
0.143880 3.097702 3.771355 3.771193 0.234536 0.061155 0.000000 0.000000 0.000000 0.000000 0.000000 0.000000 0.000000 0.000000 0.000000 0.000000 0.000000 0.000000 0.000000 0.000000
0.127465 3.007676 3.772645 3.165212 0.273203 0.000000 0.000000 0.000000 0.000000 0.000000 0.000000 0.000000 0.000000 0.000000 0.000000 0.000000 0.000000 0.000000 0.000000 0.000000
0.391222 3.309710 3.910085 1.790046 0.120443 0.051676 0.000000 0.000000 0.000000 0.000000 0.000000 0.000000 0.000000 0.000000 0.000000 0.000000 0.000000 0.000000 0.000000 0.000000
0.300620 2.974786 3.327261 2.391049 0.475856 0.500795 0.118959 0.000000 0.000000 0.000000 0.000000 0.000000 0.000000 0.000000 0.000000 0.000000 0.000000 0.000000 0.000000 0.000000
0.256120 1.496813 1.418297 2.251816 1.640759 1.169420 0.234282 0.000000 0.000000 0.000000 0.000000 0.000000 0.000000 0.000000 0.000000 0.000000 0.000000 0.000000 0.000000 0.000000
0.126705 0.694300 0.669447 2.030604 3.398717 0.652720 0.241707 0.058475 0.050106 0.051334 0.000000 0.000000 0.000000 0.000000 0.000000 0.000000 0.000000 0.000000 0.000000 0.000000
0.000000 0.053769 0.256884 2.040977 2.119928 0.678418 0.550796 0.200637 0.075340 0.067218 0.000000 0.000000 0.000000 0.000000 0.000000 0.000000 0.000000 0.000000 0.000000 0.000000
0.000000 0.000000 0.238157 0.242994 0.297167 0.287625 0.117928 0.204205 0.201849 0.066649 0.000000 0.000000 0.000000 0.000000 0.109216 0.182114 0.379050 0.504250 0.473092 0.000000
0.000000 0.000000 0.000000 0.060676 0.069085 0.058191 0.049439 0.125175 0.260491 0.243242 0.383537 0.227125 0.295390 0.391590 0.705740 1.006692 1.103745 4.596379 1.911896 0.307765
0.000000 0.000000 0.000000 0.000000 0.000000 0.000000 0.049490 0.107023 0.297826 0.770816 1.150575 0.819975 0.777163 1.370255 6.224442 7.671145 8.379920 8.609921 0.808018 0.170604
0.000000 0.000000 0.000000 0.000000 0.000000 0.000000 0.061665 0.060610 0.181835 1.322539 8.068078 8.590770 8.162909 9.204983 9.800718 9.668651 10.078043 9.577366 0.804319 0.177761
0.000000 0.000000 0.000000 0.000000 0.000000 0.000000 0.000000 0.000000 0.189868 0.863018 9.201128 10.232545 10.166717 10.442586 10.012270 9.535116 9.646987 2.023246 0.390903 0.053226
0.000000 0.000000 0.000000 0.000000 0.000000 0.000000 0.000000 0.000000 0.104552 0.394467 1.329071 9.106953 9.594959 9.055259 9.014889 9.221774 8.882992 0.974684 0.325616 0.050321
0.000000 0.000000 0.000000 0.000000 0.000000 0.000000 0.000000 0.000000 0.000000 0.049514 0.912088 3.413236 7.565510 3.614253 6.536095 8.401879 2.182983 0.691153 0.265654 0.052106
0.000000 0.000000 0.000000 0.000000 0.000000 0.000000 0.000000 0.000000 0.000000 0.000000 0.403601 0.781035 0.598977 2.021805 3.776301 6.518604 1.630972 0.390461 0.052052 0.049072
0.000000 0.000000 0.000000 0.000000 0.000000 0.000000 0.000000 0.000000 0.000000 0.000000 0.054806 0.116099 0.113963 0.447820 1.416372 2.344990 0.823776 0.164792 0.000000 0.000000
0.000000 0.000000 0.000000 0.000000 0.000000 0.000000 0.000000 0.000000 0.000000 0.000000 0.000000 0.000000 0.054387 0.128620 0.303945 0.403353 0.317350 0.214052 0.000000 0.000000
0.000000 0.000000 0.000000 0.000000 0.000000 0.000000 0.000000 0.000000 0.000000 0.000000 0.000000 0.000000 0.000000 0.000000 0.056248 0.102476 0.173073 0.055306 0.000000 0.000000
