0.000000 0.000000 0.000000 0.000000 0.000000 0.000000 0.000000 0.000000 0.000000 0.049796 0.064995 0.052846 0.000000 0.000000 0.000000
0.000000 0.000000 0.000000 0.000000 0.000000 0.000000 0.000000 0.000000 0.181662 0.262336 0.320895 0.425991 0.000000 0.000000 0.000000
0.000000 0.000000 0.000000 0.000000 0.000000 0.000000 0.000000 0.107731 0.296370 0.437420 0.537026 0.613938 0.431479 0.049158 0.000000
0.000000 0.000000 0.000000 0.000000 0.000000 0.120943 0.049679 0.583388 0.837348 1.093905 1.036421 0.746195 0.576261 0.339305 0.000000
0.000000 0.000000 0.000000 0.000000 0.071860 0.325791 0.765655 1.226688 2.533794 6.899237 1.730867 0.991260 0.704481 0.461930 0.000000
0.000000 0.000000 0.000000 0.058955 0.124543 0.774554 1.375220 8.222892 9.553008 8.745687 3.355885 1.303838 0.633897 0.347017 0.053876
0.000000 0.000000 0.000000 0.076932 0.319619 1.195399 2.216004 10.531824 10.242764 7.204337 2.799212 1.041303 0.472962 0.116918 0.000000
0.000000 0.000000 0.055236 0.321138 1.403424 1.675560 8.572257 9.610596 8.305878 3.087192 1.380219 0.420272 0.170347 0.000000 0.000000
0.000000 0.000000 0.194687 0.916818 1.910903 7.804362 9.554543 8.752394 4.503565 1.841340 0.857960 0.335360 0.059080 0.000000 0.000000
0.000000 0.000000 0.690461 1.945660 2.210102 8.452007 7.970540 5.912609 2.786269 0.830871 0.293951 0.000000 0.000000 0.000000 0.000000
0.000000 0.000000 0.781569 4.366119 6.573528 7.918507 3.420657 2.877225 1.544493 0.593458 0.260747 0.000000 0.000000 0.000000 0.000000
0.000000 0.000000 0.475972 3.547126 6.814955 6.806916 3.193798 1.708336 0.800120 0.208815 0.171906 0.000000 0.000000 0.000000 0.000000
0.000000 0.211842 0.713652 1.695107 7.250738 6.571204 1.905213 0.807100 0.193614 0.195502 0.000000 0.000000 0.000000 0.000000 0.000000
0.061243 0.391571 0.737779 1.730842 1.968202 1.272075 0.599899 0.259880 0.000000 0.000000 0.000000 0.000000 0.000000 0.000000 0.000000
0.172775 0.479205 0.977730 0.979989 0.624253 0.471470 0.122112 0.000000 0.000000 0.000000 0.000000 0.000000 0.000000 0.000000 0.000000
0.106286 0.274310 0.605337 0.483454 0.357194 0.224419 0.142858 0.000000 0.000000 0.000000 0.000000 0.000000 0.000000 0.000000 0.000000
0.056813 0.342017 0.375473 0.271366 0.242179 0.130437 0.080347 0.000000 0.000000 0.000000 0.000000 0.000000 0.000000 0.000000 0.000000
0.000000 0.000000 0.057119 0.049672 0.000000 0.000000 0.000000 0.000000 0.000000 0.000000 0.000000 0.000000 0.000000 0.000000 0.000000
