0.000000 0.050189 0.251164 0.726130 0.936379 0.983694 1.392412 1.304714 1.098183 0.678502 0.431875
0.050249 0.281370 0.690082 1.124681 1.462989 1.948311 2.001116 1.595761 1.514079 0.651958 0.179440
0.065680 0.558405 1.381699 1.757418 3.249730 3.710102 3.320273 2.500277 1.441075 0.554146 0.000000
0.305892 0.712022 1.524760 2.614804 3.729680 4.177419 3.766523 3.109377 2.105339 0.440947 0.114618
0.131532 0.232554 0.791764 2.593294 3.909758 4.168739 3.745514 3.047796 2.008821 0.547276 0.073185
0.050259 0.050103 0.492640 2.047407 3.840942 4.164313 3.675966 2.592676 1.389671 0.407787 0.059740
0.000000 0.000000 0.233082 1.217150 3.468769 3.590072 3.002615 0.688236 0.449063 0.273207 0.000000
0.000000 0.000000 0.107006 0.565935 1.410518 1.657256 0.745425 0.107128 0.070601 0.074371 0.000000
0.000000 0.000000 0.050500 0.370551 0.783597 0.617370 0.311697 0.055783 0.000000 0.000000 0.000000
0.000000 0.000000 0.000000 0.104446 0.127656 0.140358 0.075525 0.000000 0.000000 0.000000 0.000000
