0.000000 0.000000 0.000000 0.000000 0.000000 0.000000 0.000000 0.000000 0.000000 0.000000 0.000000 0.000000 0.000000 0.000000 0.000000 0.000000 0.000000 0.000000 0.000000 0.000000 0.000000 0.000000 0.000000 0.000000 0.000000 0.000000 0.000000 0.000000 0.000000 0.000000 0.000000 0.000000 0.000000 0.000000 0.000000 0.000000 0.000000 0.000000 0.116957 0.000000 0.000000 0.000000 0.000000 0.000000 0.000000 0.000000 0.000000 0.000000 0.000000 0.000000 0.000000 0.000000 0.000000 0.000000 0.000000 0.000000
0.000000 0.000000 0.000000 0.000000 0.000000 0.000000 0.000000 0.000000 0.000000 0.000000 0.000000 0.000000 0.000000 0.000000 0.000000 0.000000 0.000000 0.000000 0.000000 0.000000 0.000000 0.000000 0.000000 0.000000 0.000000 0.000000 0.000000 0.000000 0.000000 0.000000 0.000000 0.000000 0.000000 0.084244 0.285045 0.273026 0.249294 0.381040 0.401602 0.205532 0.145149 0.062679 0.000000 0.000000 0.000000 0.000000 0.000000 0.000000 0.000000 0.000000 0.000000 0.000000 0.000000 0.000000 0.000000 0.000000
0.000000 0.000000 0.000000 0.000000 0.000000 0.000000 0.000000 0.000000 0.000000 0.000000 0.000000 0.000000 0.000000 0.000000 0.000000 0.000000 0.000000 0.000000 0.000000 0.000000 0.000000 0.000000 0.000000 0.000000 0.000000 0.000000 0.000000 0.000000 0.000000 0.000000 0.000000 0.194223 0.338562 0.610066 1.581461 1.669025 1.358807 2.134085 1.664101 1.289630 0.640531 0.285132 0.201924 0.072571 0.071135 0.000000 0.000000 0.000000 0.000000 0.000000 0.000000 0.000000 0.000000 0.000000 0.000000 0.000000
0.000000 0.000000 0.000000 0.000000 0.000000 0.000000 0.000000 0.000000 0.000000 0.000000 0.000000 0.000000 0.000000 0.000000 0.000000 0.000000 0.000000 0.000000 0.000000 0.000000 0.000000 0.000000 0.000000 0.000000 0.000000 0.000000 0.000000 0.000000 0.000000 0.062119 0.360594 0.628887 1.440399 2.532238 4.430838 6.573052 6.031734 6.536620 4.556926 3.018761 1.721269 1.248094 0.806817 0.612322 0.601098 0.208531 0.111362 0.000000 0.000000 0.000000 0.000000 0.000000 0.000000 0.000000 0.000000 0.000000
0.000000 0.000000 0.000000 0.000000 0.000000 0.000000 0.000000 0.000000 0.000000 0.000000 0.000000 0.000000 0.000000 0.000000 0.000000 0.000000 0.000000 0.000000 0.000000 0.000000 0.000000 0.000000 0.000000 0.000000 0.000000 0.000000 0.000000 0.000000 0.070332 0.329120 0.964652 2.164472 4.397825 5.031508 8.511017 8.360266 11.324658 13.363324 12.426633 8.518926 3.549226 3.073811 2.754571 1.459955 1.364576 0.856546 0.528583 0.055688 0.128942 0.057902 0.000000 0.000000 0.000000 0.000000 0.000000 0.000000
0.000000 0.000000 0.000000 0.000000 0.000000 0.000000 0.000000 0.000000 0.000000 0.000000 0.000000 0.000000 0.000000 0.000000 0.000000 0.000000 0.000000 0.000000 0.000000 0.000000 0.000000 0.000000 0.000000 0.000000 0.000000 0.000000 0.146504 0.200070 0.525967 0.878132 2.237623 4.440059 6.385667 8.258756 10.133079 10.742423 14.162990 17.145670 18.252647 16.839771 12.025736 8.803152 7.640930 4.312852 2.364134 1.198855 0.945598 0.344407 0.286818 0.237913 0.273431 0.066138 0.000000 0.000000 0.000000 0.000000
0.000000 0.000000 0.000000 0.000000 0.000000 0.000000 0.000000 0.000000 0.000000 0.000000 0.000000 0.000000 0.000000 0.000000 0.000000 0.000000 0.000000 0.000000 0.000000 0.000000 0.161636 0.158335 0.215781 0.329778 0.400580 0.851586 0.959757 0.751811 1.034242 2.670498 4.358226 6.933065 9.892866 10.189863 10.805738 12.156994 13.200158 19.047895 20.370690 20.042736 18.425910 16.279958 8.791577 5.159051 2.283253 1.218286 0.947355 0.714959 0.740401 0.750922 0.510210 0.328554 0.000000 0.000000 0.000000 0.000000
0.000000 0.000000 0.000000 0.000000 0.000000 0.000000 0.000000 0.000000 0.000000 0.000000 0.000000 0.000000 0.000000 0.000000 0.000000 0.000000 0.128385 0.339892 0.440496 0.630787 0.424521 0.523467 0.881553 1.397528 2.344484 2.698763 2.826256 3.939155 5.473869 5.960569 6.442510 8.219666 9.948707 10.668603 12.531735 14.165597 15.169833 19.197634 20.294693 19.966503 18.323550 16.843465 13.657550 6.658958 2.344385 1.583243 2.123972 3.286368 2.647112 1.874431 0.982546 0.613897 0.139216 0.193408 0.120460 0.000000
0.000000 0.000000 0.000000 0.000000 0.000000 0.000000 0.000000 0.000000 0.000000 0.000000 0.000000 0.000000 0.000000 0.000000 0.000000 0.120306 0.649234 1.218163 5.403670 7.037260 7.437725 6.736368 3.211119 3.687484 4.768160 4.841955 5.005059 6.237965 7.807963 7.915580 8.641887 9.440030 10.132550 11.565761 13.109808 14.052989 15.358306 19.400900 19.935346 19.259961 17.179855 15.495020 13.737650 11.824593 10.596492 1.913813 3.476960 4.580611 3.925435 2.452109 1.376390 1.219176 0.754500 0.436063 0.213827 0.000000
0.000000 0.000000 0.000000 0.000000 0.000000 0.000000 0.000000 0.000000 0.000000 0.000000 0.000000 0.000000 0.000000 0.000000 0.057941 0.359929 1.442767 7.132636 10.122039 11.558849 11.794203 11.501926 9.978783 6.601895 6.807443 7.646704 7.900820 9.093348 9.690799 9.657204 10.178324 11.391083 12.242284 13.025990 14.399717 15.309722 16.355999 18.927657 18.550296 17.379572 16.000199 14.673643 13.017636 12.736516 12.387461 10.929332 3.733608 5.284546 4.371942 2.792334 1.656649 1.748724 1.352110 0.582497 0.150680 0.000000
0.000000 0.000000 0.000000 0.000000 0.000000 0.000000 0.000000 0.000000 0.000000 0.000000 0.000000 0.000000 0.000000 0.000000 0.253571 0.953222 4.888204 11.710075 15.149761 16.175517 16.330124 15.855930 15.164561 13.139683 11.129961 10.767158 10.883207 11.189275 11.772095 12.220084 12.973646 14.049110 14.863942 15.456658 15.973356 15.977281 14.898638 16.800635 15.287048 14.362669 14.906410 14.639567 13.046114 12.259485 12.623441 12.444320 10.830923 9.635748 4.418279 3.035187 1.798506 1.856401 1.565710 0.710246 0.197930 0.000000
0.000000 0.000000 0.000000 0.000000 0.000000 0.000000 0.000000 0.000000 0.000000 0.000000 0.000000 0.000000 0.054845 0.128422 0.504507 1.895268 9.225846 15.072884 19.919142 22.152408 22.045263 21.310406 19.839200 16.161779 14.872605 12.742587 13.157855 12.806953 13.700994 14.366404 15.059880 15.222485 15.426654 15.612879 15.313196 14.351888 12.997630 12.540307 10.989794 11.384252 12.589160 12.637927 11.889473 1.304530 0.811453 12.112152 11.881270 10.588622 5.714003 6.777672 5.069672 1.993842 0.968532 0.409419 0.146327 0.115195
0.000000 0.000000 0.000000 0.000000 0.000000 0.000000 0.000000 0.000000 0.000000 0.000000 0.000000 0.059167 0.187877 0.246879 0.971393 2.812196 10.622572 16.612440 23.118095 26.747966 26.867166 25.071625 22.578535 20.324255 15.633160 13.043765 13.371310 13.318440 14.404119 14.506935 14.822897 14.331413 13.936575 13.976386 13.714071 12.744348 11.225438 9.393102 7.169685 5.516365 5.399844 6.386275 2.790120 0.952507 0.235676 0.256589 1.245304 2.546291 3.774509 4.001950 2.577211 1.809447 1.277353 0.645559 0.197149 0.072668
0.000000 0.000000 0.000000 0.000000 0.000000 0.000000 0.000000 0.000000 0.000000 0.000000 0.120018 0.251979 0.325427 0.459982 1.441457 3.546446 8.618727 15.683640 22.931537 27.217487 27.278444 25.052709 21.513050 17.525854 14.290957 11.304955 11.611773 12.249244 12.554799 12.798044 12.716846 12.562540 12.172231 12.096014 11.456028 11.066080 10.041490 8.317868 5.745760 4.048742 3.764411 3.191942 2.133275 0.635639 0.174960 0.068449 0.257487 1.435359 2.208606 1.670376 1.530883 1.347192 1.141435 0.516851 0.211075 0.071651
0.000000 0.000000 0.000000 0.000000 0.000000 0.000000 0.000000 0.000000 0.000000 0.000000 0.056029 0.381767 0.635006 0.720860 1.135743 2.717897 6.148903 12.263933 19.329821 22.947607 22.693243 20.141026 17.189333 14.073029 11.735275 8.862718 7.954228 8.777808 9.707253 10.145727 10.530022 10.510181 10.918881 10.777054 10.162511 9.950997 9.334375 7.462998 5.116605 3.317093 2.583572 1.425148 0.894842 0.232634 0.000000 0.000000 0.057512 0.142374 0.245507 0.394663 0.628240 0.396659 0.192653 0.154448 0.065733 0.000000
0.000000 0.000000 0.000000 0.000000 0.000000 0.000000 0.000000 0.000000 0.000000 0.000000 0.464239 0.937339 1.053227 1.321903 1.554748 2.827144 6.217492 10.359063 15.092518 16.885435 16.391332 15.032069 12.882806 10.982177 9.084547 7.722864 7.128961 7.320180 8.133787 8.908485 9.780835 10.140686 10.074306 10.242874 9.916296 9.565222 8.862504 7.431527 5.278901 3.087197 1.736010 0.608197 0.320862 0.000000 0.000000 0.000000 0.000000 0.000000 0.000000 0.060286 0.059377 0.000000 0.000000 0.000000 0.000000 0.000000
0.000000 0.000000 0.000000 0.000000 0.000000 0.000000 0.000000 0.000000 0.249666 0.929937 1.186077 1.346247 1.732940 2.102783 2.567525 4.099301 7.002784 10.454120 12.552831 12.761279 12.054013 10.876932 9.223420 8.975610 7.961359 6.712704 6.828409 7.306870 8.528024 9.448112 10.225541 10.620241 10.869048 11.302778 10.849518 9.575174 8.244506 6.766854 4.073276 2.117364 0.977586 0.273978 0.000000 0.000000 0.000000 0.000000 0.000000 0.000000 0.000000 0.000000 0.000000 0.000000 0.000000 0.000000 0.000000 0.000000
0.000000 0.000000 0.000000 0.000000 0.000000 0.000000 0.000000 0.000000 0.693064 1.754785 2.362582 2.640066 3.366728 3.599387 3.987797 5.397802 7.843166 10.215705 10.660942 10.486433 9.108989 7.429285 6.485371 6.350556 6.651606 6.408971 7.044303 8.000401 9.019046 9.930288 10.583198 10.656983 10.639746 10.904809 10.293899 8.739820 6.617736 4.715243 2.169752 0.837147 0.346099 0.000000 0.000000 0.000000 0.000000 0.000000 0.000000 0.000000 0.000000 0.000000 0.000000 0.000000 0.000000 0.000000 0.000000 0.000000
0.000000 0.000000 0.000000 0.000000 0.000000 0.000000 0.000000 0.066103 1.345268 2.630276 3.443111 4.124884 4.510720 4.923562 5.647544 6.464543 7.482520 9.089867 8.985717 8.578949 7.404502 6.564625 5.903290 6.037503 6.145309 6.234846 7.340601 8.110997 8.377382 8.395082 8.604044 9.154181 9.281660 9.296362 8.407588 6.866146 4.566545 2.050721 1.273337 0.404529 0.000000 0.000000 0.000000 0.000000 0.000000 0.000000 0.000000 0.000000 0.000000 0.000000 0.000000 0.000000 0.000000 0.000000 0.000000 0.000000
0.000000 0.000000 0.000000 0.000000 0.000000 0.000000 0.133473 0.457838 1.960116 3.704515 4.634508 5.274838 5.547659 5.808251 6.294363 6.900437 7.237008 7.187256 7.141806 6.943333 6.474335 5.722947 5.500194 5.233003 5.052774 4.944729 6.149389 6.443444 6.396810 5.972116 6.126258 6.479706 6.871048 6.493486 5.363378 2.624010 1.190879 0.740178 0.183448 0.000000 0.000000 0.000000 0.000000 0.000000 0.000000 0.000000 0.000000 0.000000 0.000000 0.000000 0.000000 0.000000 0.000000 0.000000 0.000000 0.000000
0.000000 0.000000 0.000000 0.000000 0.000000 0.078331 0.225273 1.644897 3.324535 4.493509 5.339967 5.847519 6.301142 6.522655 6.702186 6.984549 7.199834 6.314925 5.992243 6.049458 5.682158 5.245367 4.613525 3.743501 3.917557 3.826872 3.854605 3.861660 3.436665 2.771142 3.520094 3.750597 3.888511 3.220395 1.375014 0.593727 0.317929 0.129043 0.000000 0.000000 0.000000 0.000000 0.000000 0.000000 0.000000 0.000000 0.000000 0.000000 0.000000 0.000000 0.000000 0.000000 0.000000 0.000000 0.000000 0.000000
0.000000 0.000000 0.000000 0.000000 0.000000 0.062046 1.065475 2.953807 4.312750 4.984539 5.566307 5.673785 6.453265 7.071205 7.307528 7.122534 6.908699 6.078158 5.452043 5.497854 5.006282 4.125619 3.370459 2.963380 3.218943 2.889271 2.859017 2.423757 1.429910 1.256381 1.108590 1.530331 1.386822 0.907251 0.452010 0.251843 0.000000 0.000000 0.000000 0.000000 0.000000 0.000000 0.000000 0.000000 0.000000 0.000000 0.000000 0.000000 0.000000 0.000000 0.000000 0.000000 0.000000 0.000000 0.000000 0.000000
0.000000 0.000000 0.000000 0.000000 0.000000 0.254951 2.253583 3.951578 5.023552 5.743931 6.161086 6.487806 7.116562 7.831026 7.812308 7.257533 6.501994 6.210711 5.221170 4.647181 4.204568 2.942769 2.185491 2.492209 2.561581 2.095278 1.841076 1.675791 0.997280 0.321855 0.118714 0.132574 0.126237 0.167446 0.060503 0.059105 0.000000 0.000000 0.000000 0.000000 0.000000 0.000000 0.000000 0.000000 0.000000 0.000000 0.000000 0.000000 0.000000 0.000000 0.000000 0.000000 0.000000 0.000000 0.000000 0.000000
0.000000 0.000000 0.000000 0.367226 0.799869 2.435011 4.113572 5.175428 5.917297 6.296557 6.672830 7.148866 8.474449 9.031322 8.734009 7.655158 6.590838 5.292326 4.608014 3.649631 2.812980 1.946775 1.978386 2.507096 1.983437 1.570489 0.996954 0.457954 0.147492 0.000000 0.000000 0.000000 0.000000 0.000000 0.000000 0.000000 0.000000 0.000000 0.000000 0.000000 0.000000 0.000000 0.000000 0.000000 0.000000 0.000000 0.000000 0.000000 0.000000 0.000000 0.000000 0.000000 0.000000 0.000000 0.000000 0.000000
0.076270 0.146088 1.363615 2.929787 3.916031 5.035487 5.940749 5.998545 6.411465 6.886624 7.650633 8.736214 10.144420 10.814361 10.338700 9.189664 7.641042 5.687014 3.963021 2.620386 1.815387 1.828082 1.990170 2.009576 1.297202 0.932400 0.524450 0.232807 0.072563 0.000000 0.000000 0.000000 0.000000 0.000000 0.000000 0.000000 0.000000 0.000000 0.000000 0.000000 0.000000 0.000000 0.000000 0.000000 0.000000 0.000000 0.000000 0.000000 0.000000 0.000000 0.000000 0.000000 0.000000 0.000000 0.000000 0.000000
0.056798 0.527403 3.145441 5.100146 6.025069 6.760563 6.767774 6.298905 6.606338 7.644777 9.035086 10.829565 11.768796 12.302922 11.911316 10.519305 8.548083 6.258440 3.434403 2.508616 2.102283 2.524955 2.292200 1.672846 0.823354 0.475845 0.430074 0.125681 0.000000 0.000000 0.000000 0.000000 0.000000 0.000000 0.000000 0.000000 0.000000 0.000000 0.000000 0.000000 0.000000 0.000000 0.000000 0.000000 0.000000 0.000000 0.000000 0.000000 0.000000 0.000000 0.000000 0.000000 0.000000 0.000000 0.000000 0.000000
0.000000 1.035768 3.334690 5.386463 6.362780 6.314546 5.647999 5.305368 6.062849 7.910392 10.245416 12.330169 13.543488 13.501850 12.511401 10.682097 8.286656 5.651164 3.379426 2.583274 2.645141 2.887575 2.491050 1.441997 0.908355 0.476142 0.242447 0.066790 0.000000 0.000000 0.000000 0.000000 0.000000 0.000000 0.000000 0.000000 0.000000 0.000000 0.000000 0.000000 0.000000 0.000000 0.000000 0.000000 0.000000 0.000000 0.000000 0.000000 0.000000 0.000000 0.000000 0.000000 0.000000 0.000000 0.000000 0.000000
0.000000 0.964756 2.346760 3.519871 4.156647 4.000133 3.307792 3.685131 5.300260 7.834689 10.543114 13.123358 14.547698 14.456911 12.653987 10.331333 7.603724 5.316754 3.422504 2.828587 2.996808 2.915442 2.457811 1.498789 1.110041 0.804974 0.082178 0.000000 0.000000 0.000000 0.000000 0.000000 0.000000 0.000000 0.000000 0.000000 0.000000 0.000000 0.000000 0.000000 0.000000 0.000000 0.000000 0.000000 0.000000 0.000000 0.000000 0.000000 0.000000 0.000000 0.000000 0.000000 0.000000 0.000000 0.000000 0.000000
0.000000 0.310658 0.771783 1.453001 1.716389 1.358630 0.997628 1.671812 4.372448 7.068397 10.009134 12.897415 14.448134 14.090250 11.771036 8.956662 6.581433 4.761375 3.191456 2.710637 2.880191 2.713666 2.173237 1.726451 1.401006 0.868726 0.134723 0.000000 0.000000 0.000000 0.000000 0.000000 0.000000 0.000000 0.000000 0.000000 0.000000 0.000000 0.000000 0.000000 0.000000 0.000000 0.000000 0.000000 0.000000 0.000000 0.000000 0.000000 0.000000 0.000000 0.000000 0.000000 0.000000 0.000000 0.000000 0.000000
0.000000 0.063504 0.109879 0.131647 0.183450 0.000000 0.056728 0.326328 2.981634 5.730985 8.082684 10.468577 11.849574 11.650341 9.522277 6.831577 4.968058 3.381678 2.203000 2.098501 2.190008 1.920778 1.856669 1.548788 1.173561 0.579267 0.059957 0.000000 0.000000 0.000000 0.000000 0.000000 0.000000 0.000000 0.000000 0.000000 0.000000 0.000000 0.000000 0.000000 0.000000 0.000000 0.000000 0.000000 0.000000 0.000000 0.000000 0.000000 0.000000 0.000000 0.000000 0.000000 0.000000 0.000000 0.000000 0.000000
0.000000 0.000000 0.000000 0.000000 0.000000 0.000000 0.000000 0.113369 0.682898 2.582142 4.471233 5.838644 6.917269 7.062722 5.435360 3.558472 1.823826 1.430141 1.271059 1.077876 0.813234 0.679727 0.535947 0.708723 0.306618 0.054725 0.000000 0.000000 0.000000 0.000000 0.000000 0.000000 0.000000 0.000000 0.000000 0.000000 0.000000 0.000000 0.000000 0.000000 0.000000 0.000000 0.000000 0.000000 0.000000 0.000000 0.000000 0.000000 0.000000 0.000000 0.000000 0.000000 0.000000 0.000000 0.000000 0.000000
0.000000 0.000000 0.000000 0.000000 0.000000 0.000000 0.000000 0.058407 0.000000 0.058616 0.496801 1.328623 1.164143 1.106251 0.666017 0.056051 0.118062 0.267209 0.405099 0.350951 0.216571 0.066381 0.000000 0.058070 0.000000 0.000000 0.000000 0.000000 0.000000 0.000000 0.000000 0.000000 0.000000 0.000000 0.000000 0.000000 0.000000 0.000000 0.000000 0.000000 0.000000 0.000000 0.000000 0.000000 0.000000 0.000000 0.000000 0.000000 0.000000 0.000000 0.000000 0.000000 0.000000 0.000000 0.000000 0.000000
0.000000 0.000000 0.000000 0.000000 0.000000 0.000000 0.000000 0.000000 0.000000 0.000000 0.000000 0.000000 0.056531 0.000000 0.000000 0.000000 0.000000 0.000000 0.000000 0.000000 0.000000 0.000000 0.000000 0.000000 0.000000 0.000000 0.000000 0.000000 0.000000 0.000000 0.000000 0.000000 0.000000 0.000000 0.000000 0.000000 0.000000 0.000000 0.000000 0.000000 0.000000 0.000000 0.000000 0.000000 0.000000 0.000000 0.000000 0.000000 0.000000 0.000000 0.000000 0.000000 0.000000 0.000000 0.000000 0.000000
