0.000000 0.000000 0.000000 0.000000 0.000000 0.000000 0.000000 0.000000 0.113517 0.124961 0.072100 0.000000 0.000000 0.000000 0.000000 0.000000
0.000000 0.000000 0.000000 0.000000 0.000000 0.000000 0.066788 0.122250 0.136433 0.133481 0.066425 0.000000 0.000000 0.000000 0.000000 0.000000
0.000000 0.000000 0.000000 0.000000 0.000000 0.281867 0.286237 0.354460 0.396854 0.257651 0.175438 0.057074 0.000000 0.000000 0.000000 0.000000
0.000000 0.000000 0.000000 0.000000 0.200290 0.339974 0.397636 0.413415 0.363707 0.310338 0.208542 0.153545 0.191616 0.216322 0.000000 0.000000
0.000000 0.000000 0.000000 0.117828 0.389039 0.855685 0.663995 0.796587 0.776968 0.520146 0.369238 0.375301 0.539026 0.439340 0.190676 0.000000
0.000000 0.000000 0.073118 0.260707 0.997021 1.665107 1.319979 1.387026 1.247884 0.996193 1.060593 1.073072 0.971084 0.744586 0.309968 0.000000
0.000000 0.000000 0.126799 0.351533 1.681709 2.777735 2.999632 2.291789 1.986055 1.645221 1.571263 1.489262 1.319659 1.008198 0.472687 0.111001
0.000000 0.000000 0.131765 0.742774 2.439318 4.249962 4.399220 3.950881 3.925042 3.394713 3.033752 2.482624 1.802117 1.243787 0.542983 0.142994
0.000000 0.000000 0.063746 0.652589 2.494716 5.114896 6.090723 6.691957 7.116317 6.652325 5.330090 3.611000 2.039297 1.095190 0.389294 0.054329
0.000000 0.000000 0.111694 0.767584 2.798433 5.500637 7.300284 8.614421 10.006484 9.178045 6.934569 4.881185 1.858163 0.838180 0.113886 0.000000
0.000000 0.000000 0.332979 1.348930 3.436374 6.023371 7.346463 8.282284 10.124585 10.460513 8.482218 5.090003 1.478437 0.395913 0.000000 0.000000
0.000000 0.063254 0.684649 2.424454 4.271600 5.759895 5.922395 6.602107 8.306783 9.112975 7.784029 4.450091 0.912864 0.123150 0.000000 0.000000
0.000000 0.505340 2.143288 4.137447 4.828271 5.255134 4.844293 4.002175 4.606746 6.622684 6.055854 3.515180 0.870588 0.109471 0.000000 0.000000
0.107597 0.847940 2.794675 4.826696 4.802570 3.731444 1.986594 1.629619 1.704082 2.050865 2.408378 1.960269 0.676043 0.230526 0.000000 0.000000
0.175634 0.956076 2.381642 3.496656 3.020357 1.643723 1.093104 0.649303 0.408064 0.593609 0.772514 0.844537 0.239927 0.055586 0.000000 0.000000
0.157421 0.673333 1.693446 1.887707 1.467810 0.694361 0.452701 0.271577 0.050817 0.051421 0.124840 0.074236 0.000000 0.000000 0.000000 0.000000
0.095334 0.280101 0.528485 0.332058 0.405062 0.188850 0.118693 0.000000 0.000000 0.000000 0.000000 0.000000 0.000000 0.000000 0.000000 0.000000
0.072939 0.262448 0.256428 0.194650 0.183577 0.000000 0.000000 0.000000 0.000000 0.000000 0.000000 0.000000 0.000000 0.000000 0.000000 0.000000
0.000000 0.118272 0.115439 0.100476 0.048811 0.000000 0.000000 0.000000 0.000000 0.000000 0.000000 0.000000 0.000000 0.000000 0.000000 0.000000
