0.000000 0.000000 0.000000 0.000000 0.000000 0.000000 0.000000 0.000000 0.000000 0.124049 0.134872 0.072340 0.000000 0.000000 0.000000 0.000000 0.000000 0.000000 0.000000 0.000000 0.000000 0.000000 0.000000 0.000000 0.000000 0.000000 0.000000 0.000000 0.000000 0.000000 0.000000 0.000000 0.000000 0.000000 0.000000 0.000000 0.000000 0.000000 0.000000 0.000000 0.000000 0.000000 0.000000 0.000000 0.000000
0.000000 0.000000 0.000000 0.000000 0.140854 0.140376 0.212991 0.000000 0.131367 0.172242 0.166994 0.076659 0.000000 0.000000 0.000000 0.000000 0.000000 0.000000 0.000000 0.000000 0.000000 0.000000 0.000000 0.000000 0.000000 0.000000 0.000000 0.000000 0.000000 0.000000 0.000000 0.000000 0.000000 0.000000 0.000000 0.000000 0.000000 0.000000 0.000000 0.000000 0.000000 0.000000 0.000000 0.000000 0.000000
0.000000 0.000000 0.000000 0.000000 0.083040 0.238654 0.350725 0.153130 0.159404 0.180420 0.231297 0.286878 0.270021 0.136532 0.067436 0.000000 0.000000 0.000000 0.000000 0.000000 0.000000 0.000000 0.000000 0.000000 0.000000 0.000000 0.000000 0.000000 0.000000 0.000000 0.000000 0.000000 0.000000 0.000000 0.000000 0.000000 0.000000 0.000000 0.000000 0.000000 0.000000 0.000000 0.000000 0.000000 0.000000
0.000000 0.000000 0.000000 0.000000 0.073987 0.215113 0.280265 0.154300 0.241065 0.306101 0.377029 0.425171 0.313878 0.136292 0.000000 0.000000 0.000000 0.000000 0.000000 0.000000 0.000000 0.000000 0.000000 0.000000 0.000000 0.000000 0.000000 0.000000 0.000000 0.000000 0.000000 0.000000 0.000000 0.000000 0.000000 0.000000 0.000000 0.000000 0.000000 0.000000 0.000000 0.000000 0.000000 0.000000 0.000000
0.000000 0.000000 0.000000 0.000000 0.063472 0.192751 0.190119 0.068973 0.149376 0.311708 0.561837 0.582617 0.401641 0.199594 0.062073 0.000000 0.000000 0.000000 0.000000 0.000000 0.000000 0.000000 0.000000 0.000000 0.000000 0.000000 0.000000 0.000000 0.000000 0.000000 0.000000 0.000000 0.000000 0.000000 0.000000 0.000000 0.000000 0.000000 0.000000 0.000000 0.000000 0.000000 0.000000 0.000000 0.000000
0.000000 0.000000 0.000000 0.000000 0.000000 0.061566 0.000000 0.000000 0.065710 0.187968 0.377101 0.299225 0.196100 0.069241 0.078458 0.000000 0.000000 0.000000 0.000000 0.000000 0.000000 0.000000 0.000000 0.000000 0.000000 0.000000 0.000000 0.000000 0.000000 0.000000 0.000000 0.000000 0.000000 0.000000 0.000000 0.000000 0.000000 0.000000 0.000000 0.000000 0.000000 0.000000 0.000000 0.000000 0.000000
0.000000 0.000000 0.000000 0.000000 0.000000 0.000000 0.000000 0.000000 0.000000 0.068563 0.316868 0.340554 0.259754 0.071919 0.167194 0.108674 0.084844 0.000000 0.000000 0.000000 0.000000 0.000000 0.000000 0.000000 0.000000 0.000000 0.000000 0.000000 0.000000 0.000000 0.000000 0.000000 0.000000 0.000000 0.000000 0.000000 0.000000 0.000000 0.000000 0.000000 0.000000 0.000000 0.000000 0.000000 0.000000
0.000000 0.000000 0.000000 0.000000 0.000000 0.000000 0.000000 0.000000 0.000000 0.341502 0.430728 0.367332 0.208376 0.181314 0.208722 0.223912 0.221491 0.000000 0.000000 0.000000 0.000000 0.000000 0.000000 0.000000 0.000000 0.000000 0.000000 0.000000 0.000000 0.000000 0.000000 0.000000 0.000000 0.000000 0.000000 0.000000 0.000000 0.000000 0.000000 0.000000 0.000000 0.000000 0.000000 0.000000 0.000000
0.000000 0.000000 0.000000 0.000000 0.000000 0.000000 0.000000 0.000000 0.000000 0.366538 0.415539 0.342998 0.273271 0.198807 0.327702 0.221705 0.173477 0.000000 0.000000 0.000000 0.000000 0.000000 0.000000 0.000000 0.000000 0.000000 0.000000 0.000000 0.000000 0.000000 0.000000 0.000000 0.000000 0.000000 0.000000 0.000000 0.000000 0.000000 0.000000 0.000000 0.000000 0.000000 0.000000 0.000000 0.000000
0.000000 0.000000 0.000000 0.000000 0.000000 0.000000 0.000000 0.000000 0.000000 0.000000 0.248202 0.443595 0.391385 0.314017 0.269118 0.215940 0.219635 0.000000 0.000000 0.000000 0.000000 0.000000 0.000000 0.000000 0.000000 0.000000 0.000000 0.000000 0.000000 0.000000 0.000000 0.000000 0.000000 0.000000 0.000000 0.000000 0.000000 0.000000 0.000000 0.000000 0.000000 0.000000 0.000000 0.000000 0.000000
0.000000 0.000000 0.000000 0.000000 0.000000 0.000000 0.000000 0.000000 0.000000 0.000000 0.136546 0.299547 0.538514 0.479585 0.400323 0.276118 0.068420 0.128810 0.065718 0.000000 0.000000 0.000000 0.000000 0.000000 0.000000 0.000000 0.000000 0.000000 0.000000 0.000000 0.000000 0.000000 0.000000 0.000000 0.000000 0.000000 0.000000 0.000000 0.000000 0.000000 0.000000 0.000000 0.000000 0.000000 0.000000
0.000000 0.000000 0.000000 0.000000 0.000000 0.000000 0.000000 0.000000 0.000000 0.062315 0.322065 0.561941 1.008246 1.091577 1.033714 0.503392 0.362408 0.278481 0.131275 0.000000 0.000000 0.000000 0.000000 0.000000 0.122827 0.131962 0.069819 0.000000 0.000000 0.000000 0.000000 0.000000 0.000000 0.000000 0.000000 0.000000 0.000000 0.000000 0.000000 0.000000 0.000000 0.000000 0.000000 0.000000 0.000000
0.000000 0.000000 0.000000 0.000000 0.000000 0.000000 0.085698 0.122950 0.000000 0.122953 0.466712 0.724903 0.909532 1.235182 1.241925 1.004282 0.561633 0.419172 0.150804 0.000000 0.000000 0.000000 0.000000 0.000000 0.121431 0.152979 0.159294 0.081617 0.000000 0.000000 0.000000 0.000000 0.000000 0.000000 0.000000 0.000000 0.000000 0.000000 0.000000 0.000000 0.000000 0.000000 0.000000 0.000000 0.000000
0.000000 0.000000 0.000000 0.000000 0.000000 0.000000 0.153290 0.312521 0.512315 0.619344 1.547092 1.634660 1.460315 1.640165 1.385005 1.238760 0.632879 0.527346 0.313155 0.161625 0.087042 0.000000 0.000000 0.000000 0.068200 0.169851 0.165952 0.089446 0.000000 0.000000 0.000000 0.000000 0.000000 0.000000 0.000000 0.000000 0.000000 0.000000 0.000000 0.000000 0.000000 0.000000 0.000000 0.000000 0.000000
0.000000 0.000000 0.000000 0.092614 0.235870 0.231618 0.566628 1.103501 1.959174 3.161593 3.021574 2.287599 1.811710 1.800422 1.381489 1.143836 0.708542 0.530579 0.403114 0.232006 0.093535 0.000000 0.000000 0.000000 0.072251 0.177574 0.156514 0.131601 0.140411 0.000000 0.000000 0.000000 0.000000 0.000000 0.000000 0.000000 0.000000 0.000000 0.000000 0.000000 0.000000 0.000000 0.000000 0.000000 0.000000
0.000000 0.000000 0.000000 0.125468 0.528607 0.379082 0.806944 1.489694 3.311680 4.457957 3.111800 2.571191 2.232891 1.996270 1.726084 1.472272 0.902637 0.579347 0.641238 0.311602 0.142324 0.057539 0.061926 0.062583 0.143643 0.167176 0.155332 0.192598 0.215589 0.074787 0.000000 0.000000 0.000000 0.000000 0.000000 0.000000 0.000000 0.000000 0.000000 0.000000 0.000000 0.000000 0.000000 0.000000 0.000000
0.222634 0.400677 0.439920 1.143686 1.315296 1.098029 1.682868 3.130188 5.214853 5.264494 4.409827 2.867579 2.384024 2.413680 2.253277 1.828858 1.440538 1.296169 1.036875 0.595501 0.275301 0.244554 0.284751 0.474412 0.294382 0.225047 0.224351 0.348080 0.234130 0.081112 0.000000 0.000000 0.000000 0.000000 0.000000 0.000000 0.000000 0.000000 0.000000 0.000000 0.000000 0.000000 0.000000 0.000000 0.000000
0.898313 1.142406 1.605960 3.074315 4.022395 2.974924 3.332704 5.499800 6.983917 7.173811 6.569363 4.891970 3.969284 3.897001 3.089778 2.500151 2.227128 2.086298 1.932717 1.161213 0.810390 0.789875 0.929377 0.883689 0.755640 0.449415 0.307904 0.396366 0.310728 0.199099 0.102120 0.000000 0.000000 0.000000 0.000000 0.000000 0.000000 0.000000 0.000000 0.000000 0.000000 0.000000 0.000000 0.000000 0.000000
1.510372 2.303172 4.816393 6.674621 7.742856 7.288910 6.620852 6.154678 7.494787 8.116775 8.013600 7.399093 6.090944 4.703523 3.322699 2.895701 2.504680 2.345780 2.075290 1.688230 1.489736 1.083486 0.978336 1.011604 0.703535 0.411806 0.322626 0.168919 0.175672 0.220095 0.151362 0.094531 0.000000 0.000000 0.000000 0.000000 0.000000 0.000000 0.000000 0.000000 0.000000 0.000000 0.000000 0.000000 0.000000
2.356573 3.473119 5.669884 6.119882 7.903420 7.755602 4.799555 3.776871 6.174020 7.496141 7.274231 6.567937 5.298695 3.908206 3.080580 2.276424 1.360029 0.880103 1.069100 0.890137 0.693706 0.550111 0.449290 0.330715 0.269525 0.306028 0.224756 0.060113 0.124651 0.172265 0.152472 0.056945 0.000000 0.000000 0.000000 0.000000 0.000000 0.000000 0.000000 0.000000 0.000000 0.000000 0.000000 0.000000 0.000000
2.748669 3.469423 4.935360 5.588390 6.974346 7.236104 3.403722 2.875677 4.317609 5.934773 4.892863 4.129967 3.769765 3.283381 2.454970 1.717767 0.779591 0.557143 0.284427 0.392831 0.225816 0.289835 0.266972 0.141606 0.158418 0.155975 0.000000 0.000000 0.000000 0.060669 0.000000 0.000000 0.000000 0.000000 0.000000 0.000000 0.000000 0.000000 0.000000 0.000000 0.000000 0.000000 0.000000 0.000000 0.000000
2.329263 2.915942 3.684694 4.199365 4.263785 4.271370 2.987824 2.422646 3.702736 3.927852 2.327925 2.477978 2.506966 2.450090 1.982343 0.995231 0.372516 0.219763 0.143428 0.146796 0.000000 0.000000 0.000000 0.000000 0.136642 0.135288 0.000000 0.000000 0.000000 0.000000 0.000000 0.000000 0.000000 0.000000 0.000000 0.000000 0.000000 0.000000 0.000000 0.000000 0.000000 0.000000 0.000000 0.000000 0.000000
2.365752 2.352650 2.729696 3.216457 3.614666 3.614098 2.907904 2.356219 3.616484 3.121233 1.716470 1.507060 1.460359 1.684807 1.117055 0.390897 0.236629 0.089706 0.000000 0.000000 0.000000 0.000000 0.000000 0.000000 0.000000 0.000000 0.000000 0.000000 0.000000 0.000000 0.000000 0.000000 0.000000 0.000000 0.000000 0.000000 0.000000 0.000000 0.000000 0.000000 0.000000 0.000000 0.000000 0.000000 0.000000
2.126531 2.492263 2.724919 3.198880 3.921772 3.066173 3.381175 3.538007 3.791832 4.094777 2.437321 1.327445 1.172867 1.009872 0.852655 0.328978 0.186276 0.000000 0.000000 0.000000 0.000000 0.000000 0.000000 0.000000 0.000000 0.000000 0.000000 0.000000 0.000000 0.000000 0.000000 0.000000 0.000000 0.000000 0.000000 0.000000 0.000000 0.000000 0.000000 0.000000 0.000000 0.000000 0.000000 0.000000 0.000000
2.352543 2.572553 2.749733 4.033471 4.436621 4.124290 2.612752 3.639065 3.738790 3.886767 2.779008 2.178946 1.091511 0.693532 0.574877 0.684971 0.436971 0.518802 0.122747 0.060408 0.000000 0.000000 0.000000 0.000000 0.000000 0.000000 0.000000 0.000000 0.000000 0.000000 0.000000 0.000000 0.000000 0.000000 0.000000 0.000000 0.000000 0.000000 0.000000 0.000000 0.000000 0.000000 0.000000 0.000000 0.000000
2.458764 2.888873 3.222838 4.376968 5.577298 5.915976 5.852470 5.765856 5.321068 5.385325 4.766194 3.309797 2.863565 1.829818 1.437144 1.195135 0.737355 0.691064 0.195641 0.069411 0.000000 0.000000 0.000000 0.000000 0.000000 0.000000 0.000000 0.000000 0.000000 0.000000 0.000000 0.000000 0.000000 0.000000 0.000000 0.000000 0.000000 0.000000 0.000000 0.000000 0.000000 0.000000 0.000000 0.000000 0.000000
3.259451 3.799220 5.230588 6.228144 6.320907 6.642130 7.197236 7.036081 6.492473 6.309015 5.943234 5.008680 4.339728 3.636152 2.315863 1.704572 1.096749 0.861081 0.359057 0.218988 0.068385 0.000000 0.000000 0.000000 0.000000 0.000000 0.000000 0.000000 0.000000 0.000000 0.000000 0.000000 0.000000 0.000000 0.000000 0.000000 0.000000 0.000000 0.000000 0.000000 0.000000 0.000000 0.000000 0.000000 0.000000
4.634188 6.091453 7.031477 7.387878 7.347194 7.260437 7.233824 7.378374 6.941824 6.538602 6.462025 5.899293 5.244344 4.871946 3.419068 2.570418 1.462383 0.883535 0.494638 0.240565 0.063988 0.000000 0.000000 0.000000 0.000000 0.000000 0.000000 0.000000 0.000000 0.000000 0.000000 0.000000 0.000000 0.000000 0.000000 0.000000 0.000000 0.000000 0.000000 0.000000 0.000000 0.000000 0.000000 0.000000 0.000000
5.438471 8.035611 8.715745 9.349413 9.669652 9.199631 8.664326 8.071994 7.929244 7.365091 7.038142 6.536332 6.094640 5.343399 4.217644 2.758195 1.784196 0.743925 0.441118 0.063252 0.057425 0.000000 0.000000 0.000000 0.000000 0.000000 0.000000 0.000000 0.000000 0.000000 0.000000 0.000000 0.000000 0.000000 0.000000 0.000000 0.000000 0.000000 0.000000 0.000000 0.000000 0.000000 0.000000 0.000000 0.000000
5.058485 8.879470 9.542398 9.359691 10.153434 10.449432 9.505178 8.037337 6.872143 6.669666 7.058676 6.791622 6.086727 5.003761 4.007598 2.604693 1.716572 0.639365 0.197196 0.000000 0.000000 0.000000 0.000000 0.000000 0.000000 0.000000 0.000000 0.000000 0.000000 0.000000 0.000000 0.000000 0.000000 0.000000 0.000000 0.000000 0.000000 0.000000 0.000000 0.000000 0.000000 0.000000 0.000000 0.000000 0.000000
4.768099 7.856102 9.400726 9.187309 10.262553 10.709632 9.475272 7.485336 6.650950 6.276109 6.561166 6.614242 5.865530 4.642099 4.075009 2.731899 1.672374 0.643961 0.159876 0.000000 0.000000 0.000000 0.000000 0.000000 0.000000 0.000000 0.000000 0.000000 0.000000 0.000000 0.000000 0.000000 0.000000 0.000000 0.000000 0.000000 0.000000 0.000000 0.000000 0.000000 0.000000 0.000000 0.000000 0.000000 0.000000
4.431215 4.349108 5.190237 7.371534 8.682215 9.418467 8.870351 6.979212 5.511704 4.889741 5.639178 6.208340 5.466937 4.861525 3.863225 2.953766 1.852102 0.688259 0.150857 0.058122 0.000000 0.000000 0.000000 0.000000 0.000000 0.000000 0.000000 0.000000 0.000000 0.000000 0.000000 0.000000 0.000000 0.000000 0.000000 0.000000 0.000000 0.000000 0.000000 0.000000 0.000000 0.000000 0.000000 0.000000 0.000000
4.367288 3.680855 2.963610 3.727483 3.908056 5.167531 5.403591 5.823058 4.856751 2.858193 2.587233 3.034150 4.495746 4.686670 4.021044 3.118039 1.807827 1.027915 0.511712 0.156826 0.000000 0.000000 0.000000 0.000000 0.000000 0.000000 0.000000 0.000000 0.000000 0.000000 0.000000 0.000000 0.000000 0.000000 0.000000 0.000000 0.000000 0.000000 0.000000 0.000000 0.000000 0.000000 0.000000 0.000000 0.000000
3.660737 3.288127 2.659793 3.176414 3.541125 3.998936 4.424468 5.289387 4.042174 2.685582 2.446471 2.688777 4.257451 4.365063 4.199195 3.045589 1.903487 0.762337 0.501481 0.315067 0.000000 0.140581 0.149451 0.000000 0.059610 0.071494 0.154678 0.153365 0.059603 0.000000 0.000000 0.000000 0.000000 0.000000 0.000000 0.000000 0.000000 0.000000 0.000000 0.000000 0.000000 0.000000 0.000000 0.000000 0.000000
2.284933 2.153699 1.876815 2.303372 3.277039 4.175048 6.187231 6.772690 5.513143 4.146021 3.722662 4.784617 5.542164 4.794076 3.967024 2.543505 1.170075 0.647284 0.557578 0.437711 0.195962 0.248972 0.232340 0.140615 0.213754 0.206318 0.203553 0.162942 0.197699 0.000000 0.000000 0.000000 0.000000 0.000000 0.000000 0.000000 0.000000 0.000000 0.000000 0.000000 0.000000 0.000000 0.000000 0.000000 0.000000
1.357230 1.401666 1.373023 2.543195 3.866784 6.022109 6.602447 6.077532 6.519532 6.106583 5.509845 7.127693 6.599909 5.329113 4.129922 2.125149 1.637919 1.129860 0.664151 0.527800 0.435413 0.371538 0.354794 0.371480 0.372439 0.264019 0.072864 0.090130 0.136270 0.000000 0.000000 0.000000 0.000000 0.000000 0.000000 0.000000 0.000000 0.000000 0.000000 0.000000 0.000000 0.000000 0.000000 0.000000 0.000000
1.092662 1.059167 1.107144 2.323914 3.113189 6.086154 6.552726 6.203861 6.870866 6.902832 6.425586 6.848919 6.274469 4.615348 3.529676 2.350900 1.850307 1.090161 0.759166 0.563907 0.433808 0.425588 0.457858 0.362873 0.323735 0.238937 0.000000 0.000000 0.000000 0.000000 0.000000 0.000000 0.000000 0.000000 0.000000 0.000000 0.000000 0.000000 0.000000 0.000000 0.000000 0.000000 0.000000 0.000000 0.000000
0.905434 0.948972 1.177617 1.836441 2.899137 5.858669 6.481994 6.609542 6.912595 7.452676 7.223667 7.102706 5.777964 4.583993 3.805410 2.847515 1.947538 1.308407 0.926893 0.402790 0.274283 0.207327 0.126941 0.188568 0.310280 0.260569 0.142384 0.000000 0.000000 0.000000 0.000000 0.000000 0.000000 0.000000 0.000000 0.000000 0.000000 0.000000 0.000000 0.000000 0.000000 0.000000 0.000000 0.000000 0.000000
0.987903 1.024534 1.258748 2.961457 4.310470 6.318767 7.173260 7.208702 7.255384 7.795582 7.356540 6.734273 5.784499 5.385392 4.466700 2.999093 1.844971 1.323188 0.922579 0.420788 0.197294 0.062228 0.000000 0.064513 0.305931 0.342930 0.094808 0.000000 0.000000 0.000000 0.000000 0.000000 0.000000 0.000000 0.000000 0.000000 0.000000 0.000000 0.000000 0.000000 0.000000 0.000000 0.000000 0.000000 0.000000
0.809711 0.875111 1.358956 2.871168 3.953199 5.774726 6.967865 7.057033 7.701657 8.314614 7.815578 7.112589 6.142357 5.906517 4.477042 2.764149 1.901556 0.935557 0.537623 0.259052 0.000000 0.000000 0.000000 0.075865 0.238365 0.269583 0.079966 0.000000 0.000000 0.000000 0.000000 0.000000 0.000000 0.000000 0.000000 0.000000 0.000000 0.000000 0.000000 0.000000 0.000000 0.000000 0.000000 0.000000 0.000000
0.885469 0.876795 1.182379 1.745779 3.230559 4.885063 5.363742 6.400812 7.727478 8.608676 7.731009 7.167292 6.009048 5.186165 3.633295 2.093149 1.136278 0.370506 0.273180 0.201365 0.085837 0.066463 0.000000 0.155812 0.172182 0.100230 0.000000 0.000000 0.000000 0.000000 0.000000 0.000000 0.000000 0.000000 0.000000 0.000000 0.000000 0.000000 0.000000 0.000000 0.000000 0.000000 0.000000 0.000000 0.000000
1.090663 1.007746 1.201784 1.421478 2.630155 3.419082 6.113984 7.506365 8.793071 8.808893 8.412013 7.373861 5.968090 4.834747 3.945194 2.662880 1.336672 1.056248 0.814256 0.561447 0.368415 0.065949 0.000000 0.079479 0.209135 0.082439 0.000000 0.000000 0.000000 0.000000 0.000000 0.000000 0.000000 0.000000 0.000000 0.000000 0.000000 0.000000 0.000000 0.000000 0.000000 0.000000 0.000000 0.000000 0.000000
1.760392 1.610258 1.525546 1.484627 2.189608 3.161461 5.801276 7.432405 9.407389 9.421506 9.457395 7.913403 6.348189 4.055727 3.927175 3.190003 1.947271 2.078345 1.801425 0.942466 0.835390 0.368865 0.281280 0.209486 0.062680 0.000000 0.000000 0.000000 0.000000 0.000000 0.000000 0.000000 0.000000 0.000000 0.000000 0.000000 0.000000 0.000000 0.000000 0.000000 0.000000 0.000000 0.000000 0.000000 0.000000
1.924814 1.746630 1.599247 2.091692 2.752783 4.693488 6.043669 7.198131 8.754093 9.067691 8.755468 7.452284 5.752499 3.738509 3.683446 3.470456 2.420743 2.219911 1.959493 1.182525 0.901282 0.738404 0.337011 0.251146 0.073482 0.000000 0.000000 0.000000 0.000000 0.000000 0.000000 0.000000 0.000000 0.000000 0.000000 0.000000 0.000000 0.000000 0.000000 0.000000 0.000000 0.000000 0.000000 0.000000 0.000000
1.188409 1.201715 1.197536 1.498404 2.656380 4.377838 4.872241 5.750907 6.986843 7.850747 7.555251 6.222312 4.947598 3.578365 2.903202 2.749259 2.309155 1.348603 0.872533 0.476033 0.603775 0.326734 0.090337 0.153018 0.069354 0.000000 0.000000 0.000000 0.000000 0.000000 0.000000 0.000000 0.000000 0.000000 0.000000 0.000000 0.000000 0.000000 0.000000 0.000000 0.000000 0.000000 0.000000 0.000000 0.000000
0.371863 0.428481 0.448907 0.723951 1.873133 2.841562 3.669218 3.725502 5.527384 6.231621 6.589916 5.203468 4.287099 2.964788 2.493108 2.061223 1.298643 0.617471 0.186951 0.141106 0.202022 0.199163 0.000000 0.000000 0.000000 0.000000 0.000000 0.000000 0.000000 0.000000 0.000000 0.000000 0.000000 0.056233 0.062790 0.063714 0.000000 0.000000 0.000000 0.000000 0.000000 0.000000 0.000000 0.000000 0.000000
0.254851 0.205323 0.271312 0.693293 1.042203 1.638072 2.194952 2.818582 4.000666 5.066285 5.096484 4.214028 3.244332 2.344426 2.040840 1.369856 0.998097 0.259536 0.195906 0.160851 0.196997 0.068581 0.000000 0.000000 0.000000 0.000000 0.000000 0.000000 0.000000 0.000000 0.000000 0.000000 0.000000 0.127113 0.065969 0.057438 0.062868 0.000000 0.000000 0.000000 0.000000 0.000000 0.000000 0.000000 0.000000
0.355625 0.357268 0.210769 0.335634 0.270003 1.135522 1.544540 1.909484 2.731250 3.492302 3.073414 2.523710 2.054296 1.665656 1.354669 1.080217 0.669596 0.494932 0.285017 0.285237 0.216160 0.139860 0.000000 0.000000 0.118545 0.261897 0.184614 0.068342 0.144732 0.061189 0.000000 0.000000 0.000000 0.149020 0.204637 0.129584 0.056714 0.000000 0.000000 0.140210 0.068595 0.000000 0.000000 0.000000 0.000000
0.355977 0.314565 0.374880 0.473567 0.538846 1.056740 1.143154 1.518428 2.524199 3.069297 2.547664 2.170242 1.570164 1.532317 1.675564 1.375893 1.129719 0.931406 0.813425 0.588312 0.499698 0.473113 0.256219 0.179878 0.335717 0.459386 0.427280 0.409451 0.277102 0.127166 0.000000 0.000000 0.188687 0.402022 0.567811 0.491072 0.225563 0.121532 0.380633 0.339547 0.178952 0.182971 0.125617 0.000000 0.000000
0.369786 0.394786 0.443552 0.563996 0.805346 0.926322 1.575603 1.972010 2.393576 2.540390 2.467760 2.726666 1.942069 1.855891 1.251601 1.823722 2.243008 1.901170 1.502708 1.230271 1.010177 0.840535 0.684671 0.686018 1.011204 1.035947 1.058079 0.873336 0.613491 0.457645 0.340983 0.462145 0.764693 0.896362 0.983326 0.985240 1.283307 0.763562 1.165866 1.145153 0.839852 0.971787 0.490944 0.102871 0.140437
0.200937 0.318627 0.354539 0.318443 0.881542 0.835271 1.399966 1.603966 2.086570 2.694643 3.351449 3.373538 2.232245 1.097041 1.308449 2.331008 2.877359 2.991602 2.590102 2.316884 2.171408 2.018992 1.830048 1.800282 2.161886 1.963594 1.870395 1.689360 1.182110 0.871556 0.988433 1.374056 2.156599 2.659283 2.661050 2.494242 2.651741 2.457479 2.328583 2.443809 2.644726 2.484318 1.442263 0.490264 0.146259
0.131194 0.058878 0.083006 0.300829 0.469238 0.460456 0.535564 0.931192 1.243072 2.128019 3.116489 2.854055 1.219876 0.592354 0.615550 1.780546 2.562338 2.707564 2.287031 2.221949 2.214487 1.720595 1.365892 1.844175 1.997448 1.583500 1.178205 1.365400 1.118477 0.645185 0.734423 1.993470 2.771442 2.956798 2.594207 2.258683 2.340079 2.243740 2.395309 3.022258 3.391590 3.483936 2.490252 0.703311 0.121866
0.000000 0.000000 0.075583 0.254039 0.278563 0.208364 0.136892 0.426667 0.724232 0.890541 1.528521 1.114243 0.389346 0.206219 0.280682 0.359158 0.646260 0.501161 0.624733 0.856223 0.498582 0.311773 0.193662 0.247893 0.516064 0.583871 0.266977 0.468617 0.192931 0.000000 0.000000 0.230383 0.648589 0.808460 0.803996 0.893712 0.977482 0.806987 0.699578 1.796494 2.861172 2.972042 2.354578 1.230794 0.387099
0.000000 0.000000 0.000000 0.000000 0.137680 0.057777 0.000000 0.200984 0.236349 0.106791 0.118330 0.088438 0.060886 0.000000 0.000000 0.000000 0.000000 0.065348 0.068928 0.000000 0.055981 0.063458 0.000000 0.000000 0.069415 0.000000 0.000000 0.000000 0.000000 0.000000 0.000000 0.000000 0.000000 0.055749 0.124682 0.206099 0.074830 0.125053 0.125908 0.147425 0.232766 0.262834 0.312936 0.230581 0.229639
0.000000 0.000000 0.000000 0.000000 0.000000 0.000000 0.000000 0.000000 0.121576 0.000000 0.000000 0.000000 0.000000 0.000000 0.000000 0.000000 0.000000 0.000000 0.000000 0.000000 0.000000 0.000000 0.000000 0.000000 0.000000 0.000000 0.000000 0.000000 0.000000 0.000000 0.000000 0.000000 0.000000 0.000000 0.000000 0.000000 0.000000 0.000000 0.000000 0.000000 0.000000 0.000000 0.072637 0.000000 0.000000
