0.000000 0.000000 0.000000 0.000000 0.000000 0.000000 0.000000 0.000000 0.000000 0.000000 0.051679 0.125364 0.060023 0.000000
0.000000 0.000000 0.000000 0.000000 0.000000 0.000000 0.118055 0.179086 0.203839 0.458758 0.512225 0.190509 0.000000 0.000000
0.000000 0.000000 0.000000 0.000000 0.000000 0.171116 0.403646 0.717021 1.173973 0.787212 1.022092 0.553707 0.054282 0.000000
0.000000 0.000000 0.000000 0.000000 0.218440 0.729193 1.184216 1.481111 2.453502 2.055115 2.464366 0.856475 0.162535 0.000000
0.000000 0.000000 0.050013 0.287532 1.102815 1.953213 2.660679 5.359343 8.874666 8.050783 5.260640 0.739530 0.107253 0.000000
0.063340 0.200080 0.412354 1.017515 2.053648 3.659774 8.248850 9.626238 10.200289 8.468599 3.032731 0.785583 0.113844 0.000000
0.188750 0.253842 0.470327 1.162972 2.653991 7.423349 9.206679 10.687743 9.970260 8.704268 1.685443 0.626027 0.166824 0.000000
0.110575 0.295543 0.696707 1.445162 4.493584 8.408659 10.836585 10.142005 9.583088 2.992682 2.250877 0.966760 0.272657 0.079372
0.109929 0.381279 0.880827 1.831820 9.093891 9.198554 9.342850 8.856014 4.885996 1.397799 1.080469 0.685785 0.460700 0.149562
0.204678 0.407004 0.815824 2.052281 3.388294 2.621230 1.698682 2.215385 1.703377 1.298401 0.866483 0.843868 0.653503 0.064400
0.066805 0.291919 0.491493 0.807651 1.372585 1.572918 1.244969 0.585161 0.476802 0.538663 0.609596 0.744727 0.594226 0.117572
0.000000 0.061395 0.109124 0.286744 0.428781 0.302877 0.051776 0.000000 0.061942 0.215899 0.562607 0.471583 0.412345 0.059684
0.000000 0.000000 0.000000 0.000000 0.000000 0.000000 0.000000 0.000000 0.000000 0.000000 0.065448 0.268565 0.137139 0.050455
