0.074079 0.188562 0.440292 0.802153 1.052904 1.139018 1.198745 1.200127 0.724179 0.574272 0.511172 0.471316 0.324738 0.208993 0.079462 0.000000 0.000000 0.000000 0.000000 0.000000 0.000000 0.000000 0.000000 0.000000 0.000000 0.000000 0.000000 0.000000 0.000000
0.069907 0.291863 0.507702 1.117134 1.220296 1.367497 1.674243 1.396334 0.981981 0.969522 0.619603 0.514498 0.363814 0.253301 0.070858 0.000000 0.000000 0.000000 0.000000 0.000000 0.000000 0.000000 0.000000 0.000000 0.000000 0.000000 0.000000 0.000000 0.000000
0.115896 0.278772 0.423902 0.908833 1.161290 1.580462 2.021723 1.767279 1.335207 1.035298 0.734691 0.430471 0.329972 0.351956 0.165015 0.000000 0.000000 0.000000 0.000000 0.000000 0.000000 0.000000 0.000000 0.000000 0.000000 0.000000 0.000000 0.000000 0.000000
0.000000 0.111811 0.291384 0.524373 0.571851 0.770562 1.589478 2.092325 1.867882 1.909298 1.528998 0.871310 0.943827 0.803092 0.460580 0.327189 0.240931 0.233515 0.000000 0.000000 0.000000 0.000000 0.000000 0.000000 0.000000 0.000000 0.000000 0.000000 0.000000
0.000000 0.000000 0.000000 0.110031 0.205563 0.544061 1.169923 2.239387 2.599714 2.225338 2.036526 1.241228 1.127424 1.029586 0.863800 0.652540 0.455357 0.510656 0.163521 0.000000 0.000000 0.000000 0.000000 0.000000 0.000000 0.000000 0.000000 0.000000 0.000000
0.000000 0.000000 0.000000 0.128514 0.293409 0.406076 0.440311 0.863897 1.275175 1.140066 1.230015 1.558871 1.058105 1.381373 1.250813 0.933719 1.004379 0.451554 0.116627 0.000000 0.000000 0.000000 0.000000 0.000000 0.000000 0.000000 0.000000 0.000000 0.000000
0.000000 0.000000 0.000000 0.146173 0.173950 0.090940 0.049806 0.179273 0.665128 0.817547 1.048729 1.129353 1.817173 4.795178 3.973750 1.903259 2.015948 1.551833 0.488579 0.053779 0.000000 0.000000 0.000000 0.000000 0.000000 0.000000 0.000000 0.000000 0.000000
0.000000 0.000000 0.000000 0.078699 0.087838 0.088883 0.000000 0.000000 0.053284 0.354589 0.909732 2.256906 3.004818 5.814522 6.204471 3.406462 2.771690 2.671642 1.012902 0.534086 0.216606 0.000000 0.000000 0.000000 0.000000 0.000000 0.000000 0.000000 0.000000
0.000000 0.000000 0.000000 0.000000 0.000000 0.000000 0.000000 0.000000 0.064815 0.507856 1.690689 2.014267 2.445126 5.115399 6.953414 7.421056 6.970235 6.206366 1.937018 0.963648 0.191511 0.066555 0.049738 0.000000 0.000000 0.000000 0.000000 0.000000 0.000000
0.000000 0.000000 0.000000 0.000000 0.000000 0.000000 0.000000 0.053738 0.394831 0.895194 2.223302 2.875692 5.522301 7.193630 8.626244 9.427704 9.549446 8.826782 7.187772 2.491661 1.040734 0.499631 0.228550 0.124405 0.064238 0.107244 0.000000 0.000000 0.000000
0.000000 0.000000 0.138143 0.087011 0.055161 0.000000 0.049546 0.073470 0.599782 1.198018 2.181244 5.518006 8.178575 9.050787 9.703245 10.110948 9.950202 8.872730 7.226794 5.486448 1.650543 1.026050 0.609457 0.710088 0.516089 0.302313 0.257140 0.138486 0.133114
0.000000 0.055716 0.139878 0.139618 0.117666 0.113607 0.184772 0.215144 0.817022 1.648090 2.121537 8.204823 9.501100 10.080900 10.438790 10.858902 10.778274 9.169877 7.848361 6.794666 4.430062 1.839115 1.750923 1.895244 1.299053 0.824083 0.605713 0.380602 0.261118
0.000000 0.106169 0.197152 0.204918 0.149679 0.348403 0.557661 0.788243 1.151994 1.983534 4.007384 8.810900 9.503085 10.421449 11.001631 11.425356 11.124034 9.742860 8.363649 6.995519 4.963101 3.728414 3.821807 3.159280 1.780493 1.239719 0.971327 0.574809 0.269792
0.000000 0.052782 0.124133 0.262756 0.155818 0.492626 0.898228 1.111104 1.453891 3.603361 5.806141 8.648418 10.095217 10.982419 10.555782 10.503927 10.203021 8.993202 7.363834 5.589843 4.675164 4.124488 3.137033 2.334744 1.561339 1.262334 0.744778 0.370055 0.138812
0.000000 0.000000 0.053543 0.064044 0.000000 0.186312 0.718632 0.946470 1.056993 1.993719 3.260394 9.190458 10.088803 9.609063 8.401010 8.881111 8.898965 8.112815 7.298343 6.507267 5.916066 5.115255 3.930800 2.719181 1.049729 0.540631 0.624364 0.080454 0.000000
0.000000 0.000000 0.000000 0.000000 0.000000 0.075430 0.306055 0.439191 0.816081 1.530163 2.597904 3.162927 8.706513 8.889345 7.902322 6.228714 3.431274 4.515582 4.275561 4.398105 4.071257 4.067650 3.621358 0.925293 0.421684 0.265463 0.121342 0.000000 0.000000
0.000000 0.000000 0.000000 0.000000 0.000000 0.000000 0.124155 0.211114 0.394226 0.656872 1.782382 1.777458 2.340230 7.177033 6.860983 2.664666 1.934624 2.020622 2.839079 3.429076 3.155800 4.024495 4.108786 1.074404 0.447782 0.120733 0.000000 0.000000 0.000000
0.000000 0.000000 0.000000 0.000000 0.000000 0.000000 0.000000 0.000000 0.128765 0.233050 0.790824 1.451964 1.684809 1.640807 0.975582 0.585447 0.567952 0.748048 0.915330 1.767833 2.002030 3.151371 1.990781 1.393025 0.995948 0.443310 0.000000 0.000000 0.000000
0.000000 0.000000 0.000000 0.000000 0.000000 0.000000 0.000000 0.000000 0.000000 0.231019 0.522882 0.664551 0.736565 0.650591 0.263842 0.117979 0.000000 0.227826 0.609791 1.009395 5.784177 6.706232 6.502223 2.504080 1.839430 0.803826 0.114872 0.000000 0.000000
0.000000 0.000000 0.000000 0.000000 0.000000 0.000000 0.000000 0.000000 0.000000 0.053012 0.111613 0.355026 0.355656 0.203178 0.111712 0.000000 0.000000 0.305028 0.772997 6.647352 7.366982 7.399885 6.868381 5.859451 3.632746 1.073464 0.267231 0.000000 0.000000
0.000000 0.000000 0.000000 0.000000 0.000000 0.000000 0.000000 0.000000 0.000000 0.000000 0.000000 0.064857 0.068236 0.122677 0.000000 0.105147 0.124570 0.375697 3.672226 6.006036 6.405255 6.345227 5.072587 3.192492 2.102361 0.784361 0.129907 0.000000 0.000000
0.000000 0.000000 0.000000 0.000000 0.000000 0.000000 0.000000 0.000000 0.000000 0.000000 0.000000 0.000000 0.000000 0.000000 0.118305 0.210530 0.345413 0.598989 1.472883 3.360755 3.645285 3.353743 1.076414 0.202006 0.419490 0.330564 0.000000 0.000000 0.000000
0.000000 0.000000 0.000000 0.000000 0.000000 0.000000 0.000000 0.000000 0.000000 0.000000 0.000000 0.000000 0.053299 0.185222 0.237808 0.258690 0.497200 0.734409 1.162631 1.439097 1.044157 0.723651 0.129990 0.109695 0.000000 0.000000 0.000000 0.000000 0.000000
0.000000 0.000000 0.000000 0.000000 0.000000 0.000000 0.000000 0.000000 0.000000 0.000000 0.000000 0.000000 0.131444 0.202158 0.216661 0.216257 0.214771 0.501931 0.412215 0.433881 0.458429 0.207952 0.069643 0.000000 0.000000 0.000000 0.000000 0.000000 0.000000
0.000000 0.000000 0.000000 0.000000 0.000000 0.000000 0.000000 0.000000 0.000000 0.000000 0.000000 0.000000 0.000000 0.072674 0.173381 0.112385 0.056405 0.058433 0.131176 0.203355 0.208991 0.080116 0.000000 0.000000 0.000000 0.000000 0.000000 0.000000 0.000000
0.000000 0.000000 0.000000 0.000000 0.000000 0.000000 0.000000 0.000000 0.000000 0.000000 0.000000 0.000000 0.000000 0.000000 0.000000 0.000000 0.000000 0.000000 0.065119 0.142677 0.150599 0.068598 0.000000 0.000000 0.000000 0.000000 0.000000 0.000000 0.000000
0.000000 0.000000 0.000000 0.000000 0.000000 0.000000 0.000000 0.000000 0.000000 0.000000 0.000000 0.000000 0.000000 0.000000 0.000000 0.000000 0.000000 0.000000 0.000000 0.000000 0.121423 0.054099 0.000000 0.000000 0.000000 0.000000 0.000000 0.000000 0.000000
