0.000000 0.348517 0.554586 0.216385 0.208019 0.000000 0.000000 0.000000 0.000000 0.000000 0.000000 0.000000 0.000000 0.000000 0.000000 0.000000 0.000000 0.000000
0.106218 0.599424 1.158517 1.464712 1.020132 0.511650 0.219316 0.000000 0.000000 0.000000 0.000000 0.000000 0.000000 0.000000 0.000000 0.000000 0.000000 0.000000
0.000000 0.271795 0.971766 2.008732 1.731962 1.260948 0.618056 0.156070 0.000000 0.000000 0.000000 0.000000 0.000000 0.000000 0.000000 0.000000 0.000000 0.000000
0.000000 0.100537 0.491845 1.123902 2.017121 2.082074 1.572677 0.676802 0.160706 0.000000 0.000000 0.000000 0.000000 0.000000 0.000000 0.000000 0.000000 0.000000
0.000000 0.000000 0.232899 0.419483 1.067700 1.936646 2.041156 1.205285 0.648811 0.166831 0.000000 0.000000 0.000000 0.000000 0.000000 0.000000 0.000000 0.000000
0.000000 0.000000 0.055052 0.170239 0.410568 1.099833 2.006461 1.724868 1.056200 0.330006 0.000000 0.000000 0.000000 0.000000 0.000000 0.000000 0.000000 0.000000
0.000000 0.000000 0.000000 0.049729 0.048662 0.673870 1.987035 1.623825 0.758649 0.050302 0.000000 0.000000 0.000000 0.000000 0.000000 0.000000 0.000000 0.000000
0.000000 0.000000 0.000000 0.000000 0.000000 0.341957 0.743344 0.656688 0.270429 0.057692 0.000000 0.000000 0.000000 0.000000 0.000000 0.000000 0.000000 0.000000
0.000000 0.000000 0.000000 0.000000 0.000000 0.219447 0.236190 0.198953 0.138612 0.053263 0.000000 0.000000 0.000000 0.000000 0.000000 0.000000 0.000000 0.000000
0.000000 0.000000 0.000000 0.000000 0.000000 0.000000 0.151453 0.132638 0.128342 0.109571 0.055477 0.000000 0.000000 0.000000 0.000000 0.000000 0.000000 0.000000
0.000000 0.000000 0.000000 0.000000 0.000000 0.000000 0.000000 0.111149 0.113542 0.114273 0.058581 0.000000 0.000000 0.000000 0.000000 0.000000 0.000000 0.000000
0.000000 0.000000 0.000000 0.000000 0.000000 0.000000 0.000000 0.055528 0.279269 0.580468 0.246633 0.165949 0.104831 0.115647 0.048786 0.000000 0.000000 0.000000
0.000000 0.000000 0.000000 0.000000 0.000000 0.000000 0.000000 0.155325 0.662215 3.821125 0.889986 0.613236 0.170422 0.252055 0.122480 0.000000 0.000000 0.000000
0.000000 0.000000 0.000000 0.000000 0.000000 0.000000 0.000000 0.098454 0.650475 6.587970 6.770164 0.920339 0.525846 0.759363 0.469639 0.054605 0.000000 0.000000
0.000000 0.000000 0.000000 0.000000 0.000000 0.000000 0.000000 0.061474 5.005304 7.150195 8.195561 7.466881 1.406763 1.712776 1.555199 0.763606 0.216776 0.000000
0.000000 0.000000 0.000000 0.000000 0.000000 0.000000 0.000000 0.062465 0.348266 1.370384 8.393557 8.397776 7.417747 3.238768 6.965437 2.475362 0.684175 0.111274
0.000000 0.000000 0.000000 0.000000 0.000000 0.000000 0.000000 0.000000 0.056723 0.548604 7.957859 9.447232 10.713207 10.290227 7.959257 5.615463 1.444967 0.104987
0.000000 0.000000 0.000000 0.000000 0.000000 0.000000 0.000000 0.000000 0.050471 0.592800 7.676035 10.770318 11.732111 12.047751 11.580274 9.018930 3.180549 0.262842
0.000000 0.000000 0.000000 0.000000 0.000000 0.000000 0.000000 0.000000 0.048527 0.678829 7.740830 11.551250 12.088852 12.374596 12.429638 10.781935 2.727214 0.354505
0.000000 0.000000 0.000000 0.000000 0.000000 0.000000 0.000000 0.000000 0.000000 0.551151 8.041280 11.176850 11.680380 12.145570 12.239707 4.649517 1.587888 0.373042
0.000000 0.000000 0.000000 0.000000 0.000000 0.000000 0.000000 0.000000 0.000000 0.214985 0.592267 10.145852 10.892689 3.701251 3.676561 2.926745 0.780447 0.160055
0.000000 0.000000 0.000000 0.000000 0.000000 0.000000 0.000000 0.000000 0.000000 0.000000 0.677171 0.348520 0.236272 1.244662 2.957460 1.780934 0.294442 0.000000
0.000000 0.000000 0.000000 0.000000 0.000000 0.000000 0.000000 0.000000 0.000000 0.000000 0.087178 0.082273 0.071785 0.743033 1.900065 1.103831 0.229174 0.000000
0.000000 0.000000 0.000000 0.000000 0.000000 0.000000 0.000000 0.000000 0.000000 0.000000 0.000000 0.000000 0.050887 0.512373 1.320229 0.365567 0.000000 0.000000
0.000000 0.000000 0.000000 0.000000 0.000000 0.000000 0.000000 0.000000 0.000000 0.000000 0.000000 0.000000 0.048657 0.221844 0.343696 0.155932 0.000000 0.000000
0.000000 0.000000 0.000000 0.000000 0.000000 0.000000 0.000000 0.000000 0.000000 0.000000 0.000000 0.000000 0.000000 0.167187 0.166224 0.000000 0.000000 0.000000
0.000000 0.000000 0.000000 0.000000 0.000000 0.000000 0.000000 0.000000 0.000000 0.000000 0.000000 0.000000 0.000000 0.057935 0.055948 0.000000 0.000000 0.000000
