0.000000 0.000000 0.000000 0.000000 0.000000 0.000000 0.074010 0.073048 0.054113 0.000000 0.060410 0.079536 0.129424 0.000000 0.000000
0.000000 0.000000 0.000000 0.139455 0.193408 0.305181 0.586185 0.682077 0.677841 0.606985 0.682649 0.476876 0.323292 0.112036 0.000000
0.000000 0.000000 0.110435 0.297753 0.478409 0.528842 0.930109 2.008909 2.550385 1.867429 1.770581 1.494698 0.796812 0.201305 0.000000
0.000000 0.000000 0.134807 0.568525 1.165594 1.494864 2.410810 3.433192 4.333451 4.299977 3.711389 2.610227 1.622743 0.442082 0.060050
0.000000 0.070341 0.329415 0.983619 2.253084 2.727922 4.192537 5.649757 6.520033 7.296782 6.122668 3.818725 1.683276 0.566789 0.060660
0.000000 0.075549 0.320454 0.937892 1.998219 3.401876 5.524192 7.187740 8.343738 8.360879 6.864287 4.027879 1.375613 0.400858 0.000000
0.000000 0.053710 0.184708 0.554206 1.313733 3.760932 7.013536 8.679864 9.471792 8.663138 6.316893 3.044454 0.857996 0.116798 0.000000
0.000000 0.000000 0.051091 0.301176 1.407331 4.294869 7.978786 9.837414 10.169808 8.572085 5.232501 1.979715 0.290824 0.051864 0.000000
0.000000 0.000000 0.190008 0.613130 1.757796 5.171249 8.379668 10.305152 9.961148 8.385552 3.609865 1.228234 0.117397 0.000000 0.000000
0.000000 0.100570 0.665125 1.598040 3.160586 5.324448 8.056404 8.851299 8.493009 6.290175 2.512168 0.868719 0.000000 0.000000 0.000000
0.000000 0.320139 1.367204 2.713643 4.460454 5.567445 6.938293 7.179269 6.389226 4.383160 1.739789 0.491654 0.000000 0.000000 0.000000
0.000000 0.465985 1.105530 2.460658 3.892167 4.915326 5.202846 4.551338 4.342634 2.912659 1.079506 0.121648 0.000000 0.000000 0.000000
0.061346 0.257938 0.788451 1.779827 3.033084 3.850597 4.293528 4.017536 3.075330 1.618397 0.533405 0.185313 0.000000 0.000000 0.000000
0.060464 0.212785 0.543890 0.940149 1.808069 2.921065 4.004594 4.301691 3.265201 2.253285 0.693856 0.179910 0.000000 0.000000 0.000000
0.000000 0.050892 0.278806 0.656030 1.187011 2.411852 3.570398 4.377963 4.317121 3.302473 1.140593 0.105337 0.000000 0.000000 0.000000
0.000000 0.135077 0.362374 0.591960 1.191029 1.642371 2.390366 3.416885 4.338122 3.169560 1.415513 0.536147 0.000000 0.000000 0.000000
0.000000 0.134642 0.262925 0.232385 0.364588 0.934977 1.776224 2.496010 2.936850 2.312660 1.293896 0.775434 0.159478 0.000000 0.000000
0.000000 0.000000 0.000000 0.108823 0.408342 0.292773 0.502626 1.018184 1.592035 1.468057 0.952570 0.470843 0.073095 0.000000 0.000000
0.000000 0.000000 0.000000 0.065814 0.256482 0.072888 0.113446 0.207161 0.502684 0.522128 0.513445 0.268086 0.065670 0.000000 0.000000
0.000000 0.000000 0.000000 0.000000 0.115219 0.052388 0.072232 0.145817 0.238849 0.368519 0.388648 0.204504 0.055704 0.000000 0.000000
0.000000 0.000000 0.000000 0.000000 0.000000 0.000000 0.071682 0.084858 0.114039 0.058409 0.233396 0.123649 0.000000 0.000000 0.000000
