0.000000 0.000000 0.000000 0.000000 0.000000 0.000000 0.000000 0.000000 0.128161 0.184831 0.219454 0.077899 0.000000 0.000000 0.000000 0.000000 0.000000 0.000000 0.000000 0.000000 0.000000
0.000000 0.000000 0.000000 0.000000 0.000000 0.000000 0.000000 0.332008 0.560315 0.771099 0.625919 0.198837 0.000000 0.000000 0.000000 0.000000 0.000000 0.000000 0.000000 0.000000 0.000000
0.000000 0.000000 0.000000 0.000000 0.000000 0.000000 0.209611 0.564069 1.177314 1.784191 0.885530 0.066012 0.000000 0.000000 0.000000 0.000000 0.056107 0.078702 0.063905 0.000000 0.000000
0.000000 0.000000 0.000000 0.000000 0.000000 0.000000 0.433340 1.321365 2.556218 2.618798 1.319689 0.318072 0.072902 0.000000 0.000000 0.000000 0.137778 0.163344 0.065432 0.000000 0.000000
0.000000 0.000000 0.000000 0.000000 0.000000 0.269469 0.919842 2.480341 3.652062 3.383375 2.062757 0.424123 0.129362 0.055890 0.000000 0.000000 0.142155 0.171422 0.077736 0.000000 0.000000
0.000000 0.000000 0.000000 0.000000 0.257258 0.687445 1.725835 3.879414 4.827480 4.527706 2.874795 1.290156 0.351413 0.121945 0.062609 0.132482 0.224315 0.190349 0.168355 0.067333 0.061772
0.000000 0.000000 0.000000 0.115522 0.821994 1.489221 3.298605 4.871144 6.010337 5.961386 3.985661 1.548242 0.797663 0.490166 0.386080 0.234513 0.248400 0.258574 0.321894 0.279198 0.151877
0.000000 0.000000 0.080073 0.499898 2.277356 3.401792 4.799958 6.185970 6.854319 6.662079 5.024240 2.934641 1.687178 0.871959 0.676958 0.551889 0.465305 0.647433 0.791985 0.493966 0.210170
0.000000 0.062008 0.254633 1.531935 3.367751 4.796860 5.979434 6.989837 7.056035 6.719678 5.588621 3.919064 1.999650 1.220879 1.211951 0.957356 1.075826 1.066627 0.876829 0.673402 0.131110
0.000000 0.237118 0.867629 2.406963 4.283084 5.593739 7.091079 7.902802 7.869339 7.370728 6.249893 5.231424 4.165025 2.839531 2.414309 1.617095 1.302319 1.186305 1.064321 0.799470 0.355704
0.071620 0.115538 0.995544 2.336929 4.491201 6.030447 7.226003 8.373988 8.459954 7.842098 6.947501 5.810882 4.901151 3.644745 2.604674 1.822317 1.221115 1.011334 1.028422 0.466460 0.283741
0.119167 0.382302 1.514728 2.980447 5.028145 6.889672 8.226498 9.079471 9.657266 8.884618 7.915527 6.683472 5.288380 4.135162 2.737670 1.660173 0.898425 0.654898 0.633682 0.387105 0.077673
0.122222 0.258915 1.090623 2.581280 4.771742 6.790654 8.608807 9.283762 9.623270 9.092625 8.088546 6.996144 5.551079 3.771391 2.834024 1.132945 0.520725 0.317644 0.142504 0.135245 0.065203
0.000000 0.178275 0.433720 1.162913 3.810892 5.955518 8.295421 8.700021 8.486762 7.992449 7.432403 6.410586 5.007846 3.310003 2.057906 0.571173 0.196613 0.000000 0.000000 0.000000 0.000000
0.000000 0.000000 0.000000 0.422817 2.189565 4.718684 6.723369 7.773456 7.579253 6.911646 6.315184 5.472763 4.130846 2.330912 1.135922 0.275537 0.129128 0.000000 0.000000 0.000000 0.000000
0.000000 0.000000 0.000000 0.162571 0.970741 3.075376 5.309839 6.578696 6.822892 5.961017 5.241106 4.371913 3.296427 2.336720 1.039455 0.262315 0.000000 0.000000 0.000000 0.000000 0.000000
0.000000 0.000000 0.000000 0.058718 0.531659 1.920154 3.314735 4.491736 4.410670 3.876623 3.491242 3.333863 2.926594 1.921071 1.168163 0.144814 0.057246 0.000000 0.000000 0.000000 0.000000
0.000000 0.000000 0.000000 0.000000 0.205654 0.686508 0.850478 1.756292 2.450525 2.312244 2.288483 2.745117 2.353312 1.306814 0.896725 0.192529 0.061967 0.000000 0.000000 0.000000 0.000000
0.000000 0.000000 0.000000 0.000000 0.119571 0.194382 0.323219 0.795599 1.159179 1.034419 1.299621 1.607643 1.249453 0.677011 0.298243 0.124545 0.056201 0.000000 0.000000 0.000000 0.000000
0.000000 0.000000 0.000000 0.000000 0.065559 0.120509 0.126705 0.062159 0.077466 0.131886 0.393816 0.615750 0.355953 0.335822 0.071654 0.000000 0.000000 0.000000 0.000000 0.000000 0.000000
0.000000 0.000000 0.000000 0.000000 0.000000 0.000000 0.000000 0.000000 0.000000 0.061882 0.068495 0.188575 0.279704 0.249164 0.056494 0.000000 0.000000 0.000000 0.000000 0.000000 0.000000
0.000000 0.000000 0.000000 0.000000 0.000000 0.000000 0.000000 0.000000 0.000000 0.000000 0.000000 0.000000 0.119615 0.123145 0.000000 0.000000 0.000000 0.000000 0.000000 0.000000 0.000000
