0.000000 0.000000 0.000000 0.155143 0.381982 0.659864 1.080139 1.724164 2.727381 3.390955 3.817217 4.283781 4.821312 4.724263 3.715667 1.816339 0.863794 0.519768 0.146378 0.057770 0.000000 0.000000 0.000000 0.000000 0.067757 0.229650 0.184065 0.157166 0.072766 0.756005 2.110010 3.425492 5.204302 7.282208 9.065921 9.336737 8.491577 7.999270 6.936346 6.452094 6.891743 9.246216 10.335693 9.429203 8.358231 8.321995 8.828607 8.671839 8.893819 8.688795 8.081399 7.098813 5.488156 3.569850 1.509089 0.802745 0.253612 0.000000 0.000000 0.000000 0.000000 0.000000 0.000000 0.000000
0.000000 0.000000 0.000000 0.090908 0.321347 0.748140 1.085875 1.969973 2.654552 3.662759 4.189368 4.659751 4.867885 4.914550 4.223059 3.027241 2.025951 0.710799 0.446682 0.127956 0.000000 0.000000 0.000000 0.000000 0.000000 0.204073 0.214560 0.143013 0.073598 0.935494 2.069265 3.347346 5.632952 8.023557 8.937338 8.847763 8.871335 9.216127 8.849243 6.205358 7.345723 9.964687 10.539483 9.440744 8.350202 9.051944 9.682328 9.273792 9.162847 9.131638 9.319236 8.232939 6.211764 3.872549 1.762602 0.898529 0.253307 0.000000 0.000000 0.000000 0.000000 0.000000 0.000000 0.000000
0.000000 0.000000 0.000000 0.079778 0.323487 0.739343 0.731370 1.471667 2.298838 3.198809 3.783831 3.981061 4.779131 5.017219 4.329213 2.340474 2.244515 1.529093 0.670437 0.061850 0.000000 0.000000 0.000000 0.000000 0.000000 0.084427 0.137048 0.150633 0.193382 0.712830 1.534542 2.623512 5.345807 7.940683 8.365803 7.528787 7.584035 8.849169 8.775355 5.918375 7.343346 9.697979 9.561572 7.863817 7.931403 9.353875 10.127588 9.679546 9.519410 9.801646 10.222731 9.545810 7.791646 5.060179 2.172934 0.837787 0.235311 0.000000 0.000000 0.000000 0.000000 0.000000 0.000000 0.000000
0.000000 0.000000 0.000000 0.000000 0.131720 0.446329 0.622732 1.364714 2.105936 2.417392 2.862530 3.000268 4.446466 4.601048 3.017487 1.677619 1.367783 0.971306 0.523255 0.063225 0.000000 0.000000 0.000000 0.064916 0.158850 0.083634 0.000000 0.153451 0.484778 0.861790 1.435169 2.333964 3.340127 4.985682 5.926702 6.071732 5.698955 5.532338 5.410026 5.198227 5.997675 6.365637 5.995101 5.491238 6.306277 7.760142 8.466675 8.298243 8.989933 9.956483 10.520855 9.789995 8.107144 4.585119 1.951192 0.506245 0.154806 0.000000 0.000000 0.000000 0.000000 0.000000 0.000000 0.000000
0.000000 0.000000 0.000000 0.000000 0.000000 0.211159 0.383190 0.935829 1.564894 2.479184 2.935310 2.772873 4.296493 4.698688 3.288017 2.022900 1.769559 1.123598 0.461149 0.084347 0.107359 0.168767 0.166900 0.184825 0.163027 0.151321 0.000000 0.130624 0.584191 0.789616 1.064058 1.811082 2.770817 3.493946 4.325919 4.959806 4.908708 4.596938 4.840417 4.964702 5.849591 5.351926 5.147807 4.807457 5.753236 7.075813 7.112628 7.652868 8.960487 10.009305 10.673115 9.803886 7.947821 4.344656 2.095322 0.538346 0.000000 0.000000 0.000000 0.000000 0.000000 0.000000 0.000000 0.000000
0.000000 0.000000 0.000000 0.000000 0.000000 0.079285 0.221851 0.659178 1.971167 2.308181 2.619274 3.572659 4.603207 6.030282 6.522330 6.292357 5.382984 2.762218 1.459530 0.698746 0.468713 0.578749 0.370674 0.238554 0.057229 0.000000 0.090143 0.126448 0.378002 0.274434 0.423980 0.852613 1.155432 1.301192 1.561674 1.928238 2.455803 3.464966 4.401119 4.164831 4.509816 4.817224 4.130289 3.263639 3.820807 4.050195 5.043865 7.014890 8.602517 10.080801 10.929721 9.140447 6.825706 3.740473 1.439129 0.394231 0.176218 0.000000 0.000000 0.000000 0.000000 0.000000 0.000000 0.000000
0.000000 0.000000 0.000000 0.000000 0.000000 0.000000 0.000000 0.767678 1.623569 2.388535 2.685965 3.534225 4.917093 6.564353 7.669866 7.582696 6.724241 3.897629 2.136984 1.245905 1.214547 0.885725 0.425497 0.351869 0.056917 0.000000 0.082834 0.204662 0.251270 0.200565 0.189447 0.160510 0.383559 0.526777 0.922964 1.400511 2.319323 3.487286 4.822946 5.669383 4.975165 4.767030 3.946857 3.335708 3.625443 3.825963 5.522118 6.678932 8.133358 9.734259 10.259724 9.309577 6.983975 3.874948 1.273539 0.372767 0.000000 0.000000 0.000000 0.000000 0.000000 0.000000 0.000000 0.000000
0.000000 0.000000 0.000000 0.000000 0.000000 0.000000 0.000000 0.404272 1.209002 2.220269 2.815966 3.874111 5.309498 7.268847 9.019256 8.886563 7.496680 5.560549 2.806022 1.432497 2.034179 0.948229 0.424017 0.212506 0.127209 0.000000 0.065942 0.196035 0.163628 0.160955 0.159109 0.095819 0.318103 0.361919 0.636108 1.324933 2.652152 3.236533 5.659658 7.630398 7.756367 6.831586 4.811647 4.779165 5.569039 5.379553 6.341289 7.622910 8.348452 9.483420 10.219945 9.900382 7.639131 4.666621 1.625051 0.263795 0.000000 0.000000 0.000000 0.000000 0.000000 0.000000 0.000000 0.000000
0.000000 0.000000 0.000000 0.000000 0.000000 0.000000 0.000000 0.251272 0.812825 1.908253 3.154844 4.732362 6.106810 8.271623 9.845045 10.051817 8.710839 6.864858 4.707873 3.443791 2.035180 1.012760 0.337219 0.229520 0.130546 0.000000 0.061499 0.065566 0.063861 0.055016 0.000000 0.064280 0.146620 0.144904 0.459099 1.075017 2.550196 2.976440 4.204610 6.558839 7.558155 7.713282 6.078797 6.474625 6.814809 6.779567 7.021976 8.003422 8.810389 9.444396 10.170966 10.112312 8.329521 5.815597 2.074930 0.438164 0.000000 0.000000 0.000000 0.000000 0.000000 0.000000 0.000000 0.000000
0.000000 0.000000 0.000000 0.000000 0.000000 0.000000 0.126878 0.280073 0.514607 1.550544 3.103694 4.863863 6.562531 8.662127 10.592217 11.053184 9.656566 7.726812 5.658846 4.376795 2.361694 0.728551 0.310571 0.296033 0.127343 0.123957 0.055242 0.000000 0.000000 0.000000 0.000000 0.000000 0.121205 0.000000 0.349330 0.831321 2.413197 2.773891 3.456664 5.006124 6.527910 6.875645 6.521400 5.906408 6.284219 7.236500 7.237528 7.679799 8.697071 9.025278 9.333793 9.491699 8.175128 5.769761 2.602079 0.344643 0.000000 0.000000 0.000000 0.000000 0.000000 0.000000 0.000000 0.000000
0.000000 0.000000 0.000000 0.000000 0.000000 0.000000 0.135561 0.401455 0.640017 1.434894 2.415140 4.496341 6.282763 8.587364 10.342701 11.193369 9.671611 7.634896 6.108608 4.717744 2.264690 0.536686 0.370153 0.286663 0.159005 0.144635 0.057139 0.000000 0.000000 0.000000 0.000000 0.000000 0.000000 0.116098 0.270298 0.827000 1.386077 1.966124 2.862782 3.891169 4.624240 4.530428 4.393396 5.629165 6.008458 5.717057 6.544939 8.150967 8.751110 8.885752 8.642642 8.736486 7.533402 5.387628 2.270041 0.376784 0.000000 0.000000 0.000000 0.000000 0.000000 0.000000 0.000000 0.000000
0.000000 0.000000 0.000000 0.000000 0.000000 0.000000 0.000000 0.410932 0.565094 0.725728 1.155882 2.990056 5.561307 7.433456 9.235961 9.796213 8.606530 7.199219 5.203860 4.166928 1.919201 0.643257 0.471859 0.355364 0.221424 0.138623 0.000000 0.000000 0.000000 0.000000 0.000000 0.000000 0.000000 0.063353 0.454042 0.798875 1.179683 1.216694 1.958199 2.662940 2.540558 2.372960 3.212506 4.708209 4.923224 4.794194 6.242554 8.061669 8.805037 8.998219 8.426261 8.237281 6.734405 4.833129 2.457663 0.557496 0.000000 0.000000 0.000000 0.000000 0.000000 0.000000 0.000000 0.000000
0.000000 0.000000 0.000000 0.000000 0.000000 0.000000 0.000000 0.399918 0.582549 0.681553 1.218107 2.397786 4.528199 6.532304 7.979690 8.413661 7.608210 6.626774 5.269233 3.510143 1.723169 1.111646 0.696779 0.404297 0.332845 0.234665 0.000000 0.000000 0.000000 0.060203 0.323096 0.334756 0.237554 0.515454 1.043542 1.138981 1.235976 1.158397 1.851201 2.091138 2.063008 1.981975 2.433656 3.178592 3.337275 3.926775 4.927523 6.566533 7.815076 8.573297 7.750914 7.102137 6.494873 4.471345 2.394510 0.664237 0.000000 0.000000 0.000000 0.000000 0.000000 0.000000 0.000000 0.000000
0.000000 0.000000 0.000000 0.000000 0.000000 0.000000 0.128667 0.156390 0.635413 0.640265 1.011243 1.738336 2.840275 4.092965 5.266910 5.364381 5.406680 5.452403 5.565900 5.149627 3.004941 1.171211 0.999673 0.806179 0.357665 0.061449 0.000000 0.000000 0.241650 0.916565 2.030190 1.994148 1.101985 1.355944 1.452890 1.536583 1.621725 1.394296 1.504559 2.070192 2.659959 2.539130 2.734736 2.539465 2.661466 3.884898 4.784865 5.538963 6.395771 6.338384 6.863536 6.050709 4.518987 2.212536 1.108543 0.430994 0.000000 0.000000 0.000000 0.000000 0.000000 0.000000 0.000000 0.000000
0.000000 0.000000 0.000000 0.000000 0.000000 0.000000 0.120370 0.178803 0.341918 0.626001 0.737995 1.290211 1.476531 2.426869 2.772269 3.198276 3.580628 4.229302 4.436551 4.713563 3.124358 1.893413 1.729506 1.292513 0.657046 0.191738 0.168905 0.536543 1.235603 2.497917 3.864640 3.844672 3.043925 2.453149 2.148040 2.078553 1.656796 1.613427 1.688088 1.909097 2.520926 2.747436 2.821278 2.346728 2.168085 2.981477 3.862463 3.624972 3.853272 4.245319 4.275091 4.229592 2.573818 1.528307 0.496601 0.142749 0.000000 0.000000 0.000000 0.000000 0.000000 0.000000 0.000000 0.000000
0.000000 0.000000 0.000000 0.000000 0.000000 0.000000 0.085323 0.085154 0.250790 0.352707 0.608047 1.114818 2.254887 3.082896 3.298316 3.502917 3.762427 4.309612 4.825793 5.467522 4.639362 2.483976 1.736642 1.368222 0.764213 0.123359 0.403329 0.705847 1.575024 2.926895 4.076915 4.297325 3.455672 2.494616 2.128462 2.442537 2.483119 2.213306 2.227840 2.558230 3.044218 3.475971 3.238497 3.077970 2.757705 3.332372 4.098891 3.736193 4.052534 3.822671 3.872227 4.027506 2.120299 1.083038 0.294343 0.000000 0.000000 0.000000 0.000000 0.000000 0.000000 0.000000 0.000000 0.000000
0.000000 0.000000 0.000000 0.000000 0.000000 0.000000 0.000000 0.064086 0.340388 0.586553 0.732138 1.598222 2.407778 2.900689 3.221940 3.268368 3.838029 4.009504 4.747497 5.292180 3.973878 2.827865 1.535899 0.798721 0.361538 0.178479 0.890030 1.946875 3.022933 3.439971 3.858727 3.869423 3.108216 2.045177 1.830807 2.076110 3.207368 2.772417 2.933106 3.918722 3.981556 4.003741 3.632153 3.600594 3.313256 3.129704 3.668167 3.059344 2.641142 2.830902 2.721133 2.442562 1.715556 0.433679 0.199013 0.000000 0.000000 0.000000 0.000000 0.000000 0.000000 0.000000 0.000000 0.000000
0.000000 0.000000 0.000000 0.000000 0.000000 0.000000 0.000000 0.122501 0.504794 0.813685 1.058682 2.139854 2.707459 2.990419 3.088896 3.126391 3.717306 3.842675 4.475097 5.163919 4.298265 2.919011 2.320040 0.665490 0.256060 0.390340 1.693274 3.594538 4.434911 4.356828 3.729256 3.028320 2.181924 1.815572 1.630526 1.655943 2.593023 3.165222 5.194741 5.770628 5.471489 4.870179 4.455261 4.474923 4.229619 3.110856 2.576443 1.569504 1.275554 1.555764 1.928061 1.775771 1.018206 0.477651 0.177790 0.000000 0.000000 0.000000 0.000000 0.000000 0.000000 0.000000 0.000000 0.000000
0.000000 0.000000 0.000000 0.000000 0.000000 0.000000 0.000000 0.182773 0.630106 1.130411 1.710251 2.541467 2.863701 3.145867 3.219996 3.798319 4.241997 4.021027 4.515949 4.730284 4.480902 3.552948 3.327166 1.907191 0.385831 0.955767 3.266937 5.383420 5.856237 5.379207 4.214241 2.832606 2.197198 2.784234 3.401801 1.721308 1.835868 7.466759 7.636518 5.314399 5.481404 5.514765 5.294234 5.089454 4.465235 3.179730 1.581797 1.006638 0.986949 1.056231 1.007849 0.962462 0.645150 0.377614 0.055340 0.000000 0.000000 0.000000 0.000000 0.000000 0.000000 0.000000 0.000000 0.000000
0.000000 0.000000 0.000000 0.000000 0.000000 0.000000 0.058758 0.271717 0.950511 1.361685 1.517370 2.173374 2.650596 3.092924 3.324983 3.951336 4.198968 4.218386 4.546775 4.411837 3.897404 3.270491 3.099409 2.378252 0.823826 2.023043 4.233027 6.883537 6.958205 5.959930 4.537048 2.904283 2.518108 12.232886 11.737482 2.566891 1.399745 1.901045 2.549236 3.103576 4.122334 3.907184 4.512774 4.376259 3.759720 2.951693 1.073100 0.928912 0.581568 0.372226 0.386898 0.447167 0.287406 0.158959 0.067453 0.000000 0.000000 0.000000 0.000000 0.000000 0.000000 0.000000 0.000000 0.000000
0.000000 0.000000 0.000000 0.000000 0.000000 0.134438 0.212985 0.367637 1.260074 1.958259 1.839962 2.114785 2.678601 3.316251 4.245924 4.116241 3.951540 3.968317 4.147356 4.363014 3.721660 3.357251 5.604490 7.751090 2.525590 10.695815 13.031148 14.409990 15.788721 16.173925 15.550719 3.306437 2.470240 1.530644 11.382090 3.394405 8.925241 1.961164 1.401040 1.208179 1.239400 1.928367 2.756778 3.351320 2.887208 2.185488 1.217725 0.351908 0.121804 0.064448 0.060821 0.000000 0.058785 0.112762 0.000000 0.000000 0.000000 0.000000 0.000000 0.000000 0.000000 0.000000 0.000000 0.000000
0.000000 0.000000 0.000000 0.000000 0.000000 0.115911 0.150153 0.641291 1.318549 1.977914 2.072633 2.218303 2.716228 3.485082 4.161551 4.289777 4.297722 4.184024 4.143084 4.083925 4.308906 5.087901 6.568375 9.750717 11.544576 11.914327 12.805304 13.971000 4.631688 14.722677 13.946390 4.001319 1.901290 1.181661 8.924135 8.931087 9.034360 7.855597 2.126390 0.932738 0.414282 0.577766 1.154881 1.751287 2.144581 2.041085 1.515751 0.475076 0.122698 0.000000 0.000000 0.000000 0.000000 0.000000 0.000000 0.000000 0.000000 0.000000 0.000000 0.000000 0.000000 0.000000 0.000000 0.000000
0.000000 0.000000 0.000000 0.000000 0.068251 0.124522 0.201362 0.654222 1.267881 1.952054 2.472407 2.618753 3.062398 3.923024 4.333522 4.492149 4.584452 4.557974 4.408510 4.112538 4.198494 6.034559 6.947496 8.801230 1.421446 1.421493 2.524893 2.766493 1.173984 1.425596 1.627253 1.000402 0.498150 0.527334 1.736971 7.724684 8.194617 3.123747 2.587062 0.837778 0.000000 0.065294 0.251209 0.332851 0.460163 0.632180 0.652576 0.347226 0.118003 0.000000 0.000000 0.000000 0.000000 0.000000 0.000000 0.000000 0.000000 0.000000 0.000000 0.000000 0.000000 0.000000 0.000000 0.000000
0.000000 0.000000 0.000000 0.000000 0.205294 0.229731 0.301033 0.467820 1.324472 2.284351 2.820721 3.284367 3.935817 4.363264 4.857043 4.876944 5.119263 5.225516 5.088923 5.102572 5.079579 6.686318 6.743652 6.832673 4.557460 1.766143 1.130533 1.184432 0.780806 0.941625 1.167314 0.831848 0.498663 0.654220 1.232025 5.701349 5.155912 1.782157 1.584396 0.488238 0.000000 0.000000 0.000000 0.000000 0.000000 0.000000 0.209602 0.190342 0.055394 0.000000 0.000000 0.000000 0.000000 0.000000 0.000000 0.000000 0.000000 0.000000 0.000000 0.000000 0.000000 0.000000 0.000000 0.000000
0.000000 0.000000 0.000000 0.000000 0.064905 0.209221 0.273953 0.399213 1.307105 2.203010 3.007099 3.526428 4.432814 5.389967 5.727111 5.518179 5.653768 5.553619 6.032344 6.395483 6.628854 7.568409 7.744517 8.053338 6.856926 4.707272 3.626578 3.934452 1.974320 2.324780 1.693458 0.955092 0.567050 0.594328 0.622168 0.724682 0.864410 0.576069 0.510016 0.143921 0.000000 0.000000 0.000000 0.000000 0.000000 0.000000 0.000000 0.000000 0.000000 0.000000 0.000000 0.000000 0.000000 0.000000 0.000000 0.000000 0.000000 0.000000 0.000000 0.000000 0.000000 0.000000 0.000000 0.000000
0.000000 0.000000 0.000000 0.000000 0.000000 0.067936 0.143174 0.528450 1.140656 2.466725 3.357474 4.136178 5.154522 6.095451 6.690668 6.504127 6.245820 7.020356 7.864531 8.127612 8.303137 8.517444 9.431845 9.543814 8.730163 7.127111 5.319242 5.151940 4.598039 2.358516 1.555129 1.518636 1.006350 0.743847 0.802009 0.400151 0.325172 0.130156 0.000000 0.000000 0.000000 0.000000 0.000000 0.000000 0.000000 0.000000 0.000000 0.000000 0.000000 0.000000 0.000000 0.000000 0.000000 0.000000 0.000000 0.000000 0.000000 0.000000 0.000000 0.000000 0.000000 0.000000 0.000000 0.000000
0.000000 0.000000 0.000000 0.000000 0.000000 0.000000 0.135752 0.626834 1.064311 1.431837 2.605274 4.435595 5.237836 6.410282 7.231087 7.166978 6.708034 7.196050 8.293405 8.902823 8.726227 9.025127 9.446539 9.238260 8.535335 7.304963 5.360005 4.782779 4.081933 1.865202 1.211054 0.635991 0.638792 0.688746 0.528587 0.288257 0.260459 0.069014 0.000000 0.000000 0.000000 0.000000 0.000000 0.000000 0.000000 0.000000 0.000000 0.000000 0.000000 0.000000 0.000000 0.000000 0.000000 0.000000 0.000000 0.000000 0.000000 0.000000 0.000000 0.000000 0.000000 0.000000 0.000000 0.000000
0.000000 0.000000 0.000000 0.000000 0.000000 0.000000 0.182734 0.595393 1.222230 1.707686 2.378870 3.906290 5.025292 6.222374 6.996062 6.825571 6.924510 7.086755 7.663863 8.339703 8.719429 8.857062 8.899067 8.285027 7.918112 6.296496 3.962910 3.594560 2.670929 1.500579 1.073914 0.634322 0.546708 0.252866 0.121698 0.118673 0.064395 0.000000 0.000000 0.000000 0.000000 0.000000 0.000000 0.000000 0.000000 0.000000 0.000000 0.000000 0.000000 0.000000 0.000000 0.000000 0.000000 0.000000 0.000000 0.000000 0.000000 0.000000 0.000000 0.000000 0.000000 0.000000 0.000000 0.000000
0.000000 0.000000 0.000000 0.000000 0.000000 0.122575 0.322518 0.683590 1.628371 2.504067 3.268094 4.478448 5.419954 6.477241 7.405475 7.669779 7.802305 7.692521 7.931198 8.833906 9.438018 9.926712 9.735064 9.581954 9.228498 7.642882 5.365694 3.797576 2.709903 1.845112 1.384812 0.968847 0.263704 0.000000 0.000000 0.000000 0.000000 0.000000 0.000000 0.000000 0.000000 0.000000 0.000000 0.000000 0.000000 0.000000 0.000000 0.000000 0.000000 0.000000 0.000000 0.000000 0.000000 0.000000 0.000000 0.000000 0.000000 0.000000 0.000000 0.000000 0.000000 0.000000 0.000000 0.000000
0.000000 0.000000 0.000000 0.000000 0.000000 0.000000 0.436013 1.040426 1.869971 2.842769 3.536038 4.789222 5.613882 6.648442 7.521833 8.007653 7.994783 7.332788 7.229615 8.383838 9.323239 9.978328 10.236917 10.015800 8.872515 7.524895 5.861721 3.778984 1.938113 1.775605 1.376635 1.058586 0.593548 0.000000 0.000000 0.000000 0.000000 0.000000 0.000000 0.000000 0.000000 0.000000 0.000000 0.000000 0.000000 0.000000 0.000000 0.000000 0.000000 0.000000 0.000000 0.000000 0.000000 0.000000 0.000000 0.000000 0.000000 0.000000 0.000000 0.000000 0.000000 0.000000 0.000000 0.000000
0.000000 0.000000 0.000000 0.000000 0.000000 0.000000 0.237043 1.485627 2.431098 3.192723 3.658425 4.989156 6.115845 6.980443 7.453049 7.743079 7.655149 7.403425 7.041297 8.156371 9.237605 9.876866 9.781109 9.592592 8.614751 7.359783 5.931462 3.986093 2.704949 2.317223 1.923501 1.324754 0.604676 0.060426 0.000000 0.000000 0.000000 0.000000 0.000000 0.000000 0.000000 0.000000 0.000000 0.000000 0.000000 0.000000 0.000000 0.000000 0.000000 0.000000 0.000000 0.000000 0.000000 0.000000 0.000000 0.000000 0.000000 0.000000 0.000000 0.000000 0.000000 0.000000 0.000000 0.000000
0.000000 0.000000 0.000000 0.000000 0.000000 0.000000 0.556089 1.254848 2.155882 2.744625 3.404224 4.749375 5.938896 6.664248 6.349008 6.482361 6.559082 6.799651 6.821085 7.278769 7.750119 7.856518 7.977708 8.110544 7.366680 5.978812 4.649747 2.268206 1.646814 1.630322 1.075586 0.662340 0.527570 0.194374 0.000000 0.000000 0.000000 0.000000 0.000000 0.000000 0.000000 0.000000 0.000000 0.000000 0.000000 0.000000 0.000000 0.000000 0.000000 0.000000 0.000000 0.000000 0.000000 0.000000 0.000000 0.000000 0.000000 0.000000 0.000000 0.000000 0.000000 0.000000 0.000000 0.000000
0.000000 0.000000 0.000000 0.000000 0.000000 0.117224 0.367669 1.272288 1.903382 2.272187 3.097793 4.364859 5.385506 5.820462 5.743172 5.653727 5.923346 6.501008 6.667343 6.678759 6.552367 6.136742 6.489341 6.810407 6.120653 4.981981 3.227608 2.122456 1.399460 1.333507 0.911687 0.534814 0.664284 0.355713 0.000000 0.000000 0.000000 0.000000 0.000000 0.000000 0.000000 0.000000 0.000000 0.000000 0.000000 0.000000 0.000000 0.000000 0.000000 0.000000 0.000000 0.000000 0.000000 0.000000 0.000000 0.000000 0.000000 0.000000 0.000000 0.000000 0.000000 0.000000 0.000000 0.000000
0.000000 0.000000 0.000000 0.000000 0.118408 0.201725 0.331769 1.274763 1.634362 2.401481 3.439344 4.215351 5.392305 6.036076 6.446572 6.474020 6.424852 6.537309 6.556505 6.662963 6.285073 6.008274 6.047375 6.161452 5.554317 4.747796 3.924074 3.329796 3.406314 2.492936 1.803905 1.252682 0.653748 0.442090 0.000000 0.000000 0.000000 0.000000 0.000000 0.000000 0.000000 0.000000 0.000000 0.000000 0.000000 0.000000 0.000000 0.000000 0.000000 0.000000 0.000000 0.000000 0.000000 0.000000 0.000000 0.000000 0.000000 0.000000 0.000000 0.000000 0.000000 0.000000 0.000000 0.000000
0.000000 0.000000 0.000000 0.090101 0.265447 0.319807 0.689357 1.043491 1.448457 2.205833 3.195583 4.195950 5.343863 6.191812 6.843011 6.610879 6.654916 6.842643 6.925080 6.456102 6.062136 5.620009 5.744200 5.744038 5.565498 5.187812 4.560722 4.454334 4.550826 3.988576 2.867875 1.849866 0.751286 0.341733 0.062259 0.000000 0.000000 0.000000 0.000000 0.000000 0.000000 0.000000 0.000000 0.000000 0.000000 0.000000 0.000000 0.000000 0.000000 0.000000 0.000000 0.000000 0.000000 0.000000 0.000000 0.000000 0.000000 0.000000 0.000000 0.000000 0.000000 0.000000 0.000000 0.000000
0.000000 0.000000 0.000000 0.149079 0.364206 0.521229 1.239352 1.542624 1.886241 2.304189 3.293688 4.735337 6.022506 6.539957 6.737676 6.787816 6.743355 6.711661 6.926039 6.856688 5.510157 5.737271 5.850402 5.861311 5.980974 5.547304 5.326506 5.376877 5.518052 5.062086 4.603280 3.729450 1.931943 0.402997 0.133754 0.000000 0.000000 0.000000 0.000000 0.000000 0.000000 0.000000 0.000000 0.000000 0.000000 0.000000 0.000000 0.000000 0.000000 0.000000 0.000000 0.000000 0.000000 0.000000 0.000000 0.000000 0.000000 0.000000 0.000000 0.000000 0.000000 0.000000 0.000000 0.000000
0.000000 0.000000 0.000000 0.112096 0.399923 0.645723 1.229879 1.385176 1.780836 1.990932 3.199992 4.639348 5.786910 6.373532 6.255844 6.300684 6.490068 6.557234 6.773556 6.277797 5.678697 5.841566 5.707067 5.445017 5.512304 5.421834 5.643103 5.899462 5.684067 5.255900 5.422982 4.303510 1.693654 0.474948 0.140176 0.000000 0.000000 0.000000 0.000000 0.000000 0.000000 0.000000 0.000000 0.000000 0.000000 0.000000 0.000000 0.000000 0.000000 0.000000 0.000000 0.000000 0.000000 0.000000 0.000000 0.000000 0.000000 0.000000 0.000000 0.000000 0.000000 0.000000 0.000000 0.000000
0.000000 0.000000 0.000000 0.065767 0.074725 0.423452 0.985932 1.325922 1.551753 2.234487 3.074125 4.092187 5.188669 5.786256 5.818764 5.896484 6.085437 6.011411 6.156502 6.265321 6.107828 5.709515 5.467493 5.242836 5.060780 5.397938 5.878070 6.001810 5.782749 5.884663 5.768445 4.129996 1.202755 0.263107 0.056730 0.000000 0.000000 0.000000 0.000000 0.000000 0.000000 0.000000 0.000000 0.000000 0.000000 0.000000 0.000000 0.000000 0.000000 0.000000 0.000000 0.000000 0.000000 0.000000 0.000000 0.000000 0.000000 0.000000 0.000000 0.000000 0.000000 0.000000 0.000000 0.000000
0.000000 0.000000 0.000000 0.000000 0.000000 0.253955 0.712548 1.138038 1.779314 2.380866 2.672094 3.642360 4.626587 5.094386 5.360487 5.444226 5.722381 5.942602 5.905215 5.940172 5.782771 5.374416 5.103546 5.114383 5.004844 4.966011 5.850977 5.619091 5.549459 5.790703 5.120266 3.131305 0.491229 0.125193 0.000000 0.000000 0.000000 0.000000 0.000000 0.000000 0.000000 0.000000 0.000000 0.000000 0.000000 0.000000 0.000000 0.000000 0.000000 0.000000 0.000000 0.000000 0.000000 0.000000 0.000000 0.000000 0.000000 0.000000 0.000000 0.000000 0.000000 0.000000 0.000000 0.000000
0.000000 0.000000 0.000000 0.000000 0.000000 0.306673 0.479907 0.915671 1.591980 2.061693 2.319897 3.111463 3.673419 3.891100 4.580736 5.093779 5.469892 5.597385 5.633385 5.433209 5.262893 4.607910 4.601153 4.605277 4.726142 4.863494 5.048243 4.774498 4.778346 4.441192 3.466620 1.249531 0.324175 0.000000 0.073728 0.092208 0.079391 0.000000 0.000000 0.000000 0.000000 0.000000 0.000000 0.000000 0.000000 0.000000 0.000000 0.000000 0.000000 0.000000 0.000000 0.000000 0.000000 0.000000 0.000000 0.000000 0.000000 0.000000 0.000000 0.000000 0.000000 0.000000 0.000000 0.000000
0.000000 0.000000 0.000000 0.000000 0.000000 0.170678 0.315501 0.470801 0.907944 1.430811 1.938569 2.158438 2.921133 3.177442 3.555742 4.390350 4.800523 4.911793 4.721263 4.331253 4.287573 3.824816 3.924315 4.253623 4.121280 3.645648 3.001390 2.590129 2.719844 2.234133 1.230544 0.492485 0.000000 0.000000 0.077987 0.272166 0.071212 0.000000 0.000000 0.000000 0.000000 0.000000 0.000000 0.000000 0.000000 0.000000 0.000000 0.000000 0.000000 0.000000 0.000000 0.000000 0.000000 0.000000 0.000000 0.000000 0.000000 0.000000 0.000000 0.000000 0.000000 0.000000 0.000000 0.000000
0.000000 0.000000 0.000000 0.000000 0.000000 0.069455 0.211150 0.356778 0.509066 1.140766 1.712652 2.015630 2.555433 3.027889 3.204317 3.783876 4.151325 4.236392 3.696481 3.771369 4.079690 4.231597 4.707352 5.279655 4.831971 3.844771 3.413893 3.051049 2.450607 2.124359 1.528067 0.409158 0.000000 0.072599 0.145933 0.270031 0.062733 0.000000 0.000000 0.000000 0.000000 0.000000 0.000000 0.000000 0.000000 0.000000 0.000000 0.000000 0.000000 0.000000 0.000000 0.000000 0.000000 0.000000 0.000000 0.000000 0.000000 0.000000 0.000000 0.000000 0.000000 0.000000 0.000000 0.000000
0.000000 0.000000 0.000000 0.000000 0.000000 0.000000 0.087336 0.082734 0.180647 0.725830 1.315976 1.493808 2.065903 2.314759 2.494989 2.599188 2.694565 2.958873 2.720518 2.962899 3.234718 3.257921 3.430029 3.751217 2.937374 2.216821 1.839020 1.284290 1.272052 0.939216 0.785512 0.143600 0.000000 0.081177 0.157495 0.299918 0.189408 0.000000 0.056623 0.000000 0.000000 0.000000 0.000000 0.000000 0.000000 0.000000 0.000000 0.000000 0.000000 0.000000 0.000000 0.000000 0.000000 0.000000 0.000000 0.000000 0.000000 0.000000 0.000000 0.000000 0.000000 0.000000 0.000000 0.000000
0.000000 0.000000 0.000000 0.000000 0.000000 0.000000 0.078994 0.140151 0.269340 0.804452 1.299959 1.502926 1.834242 1.960464 1.879474 1.937291 2.611893 2.852871 2.672139 2.986307 3.453699 3.494770 3.404638 3.204673 2.556066 1.985104 1.901739 1.517058 1.181461 0.505587 0.183658 0.079389 0.000000 0.077242 0.228666 0.396998 0.094381 0.287103 0.298532 0.123643 0.000000 0.000000 0.000000 0.000000 0.000000 0.000000 0.000000 0.000000 0.000000 0.000000 0.000000 0.000000 0.000000 0.000000 0.000000 0.000000 0.000000 0.000000 0.000000 0.000000 0.000000 0.000000 0.000000 0.000000
0.000000 0.000000 0.000000 0.122789 0.000000 0.000000 0.000000 0.137786 0.450964 0.807713 1.032612 1.287309 1.449514 1.404027 1.247764 1.681392 2.326069 2.844796 2.730537 2.801301 3.386184 3.649539 3.501766 3.222951 2.859052 2.313856 2.173887 1.381479 0.730086 0.461088 0.239328 0.174605 0.272664 0.417688 0.724957 0.667997 0.323129 0.557544 0.519671 0.457428 0.211274 0.144461 0.090890 0.153590 0.112763 0.194755 0.084209 0.069317 0.000000 0.057512 0.140399 0.188844 0.142506 0.195110 0.129787 0.128951 0.142598 0.071609 0.000000 0.000000 0.000000 0.000000 0.000000 0.000000
0.000000 0.000000 0.116995 0.221611 0.436542 0.481951 0.417553 0.346403 0.756437 0.966569 0.945623 1.312748 1.360738 1.138874 1.210477 1.775200 2.383129 2.678957 2.761304 2.944312 3.447380 4.072311 3.827675 3.149602 2.628755 2.616883 2.475259 1.704509 1.205548 0.921512 0.633478 0.846467 1.055438 1.185894 1.185265 0.946924 0.865704 0.914416 1.287086 1.147392 0.815559 0.475382 0.315074 0.457543 0.284649 0.541172 0.405799 0.294635 0.071449 0.224188 0.339576 0.434307 0.356831 0.421217 0.501174 0.480478 0.411341 0.228365 0.092577 0.000000 0.000000 0.000000 0.000000 0.000000
0.064699 0.146328 0.248664 0.376450 0.555043 0.858776 0.566230 0.450259 0.762547 1.276861 1.432080 1.519094 1.459563 1.080454 1.320920 1.785048 2.447936 2.556598 2.748134 2.961243 3.666856 4.167147 3.717680 2.970015 2.643910 2.639054 2.791363 1.964239 1.433015 1.547177 0.758714 0.948276 1.388807 1.420189 1.516383 1.264203 1.086093 0.997125 1.542341 1.439188 1.077377 0.550656 0.428930 0.588698 0.403445 0.745546 0.651309 0.341744 0.072964 0.255308 0.388728 0.612124 0.670624 0.721374 0.767562 0.706597 0.463683 0.338501 0.181606 0.000000 0.000000 0.000000 0.000000 0.000000
0.136107 0.219326 0.420240 0.585079 0.584169 0.812298 0.778360 0.744116 0.829105 0.895700 0.795913 0.927236 1.358197 1.359094 1.374398 2.215549 2.582177 2.569013 2.753173 2.989158 3.673307 4.252651 4.028297 3.778712 3.640160 2.732841 2.644818 2.450544 1.965589 2.118673 1.124986 1.370931 1.717652 1.790744 1.850010 1.624915 1.261238 1.328529 2.051434 2.056647 1.657193 0.898191 0.857078 1.326915 0.911693 1.209580 0.915757 0.619373 0.278513 0.351181 0.601570 0.804621 0.835363 0.986481 0.849909 0.730173 0.478950 0.343422 0.177015 0.000000 0.000000 0.000000 0.000000 0.000000
0.075903 0.151435 0.353514 0.651375 0.748040 0.891518 0.992490 0.930908 1.252945 0.925865 1.066504 1.213474 1.134319 1.551939 1.928986 2.018972 1.804211 1.814110 2.391255 2.554887 2.741299 2.922977 3.832534 4.564139 5.609753 4.407567 3.177748 3.126428 3.015892 2.577249 2.195541 1.556972 1.886636 2.157479 2.837205 3.778956 4.022369 3.820155 3.824406 3.942071 3.441854 2.782595 2.609821 3.225079 3.114061 3.085235 2.854248 1.796064 1.690283 2.281425 3.065854 2.593008 1.940838 1.464216 1.231205 0.990276 0.806398 0.535941 0.225771 0.000000 0.000000 0.000000 0.000000 0.000000
0.000000 0.000000 0.251257 0.487308 0.685158 0.886333 0.987259 1.143911 1.204371 1.103391 1.182957 1.284397 1.482195 1.686604 1.963297 2.011928 1.807065 1.934753 2.415390 2.591232 2.621601 2.921359 3.943998 4.618099 5.709620 4.587271 3.179038 2.979025 2.955126 2.702429 2.212498 1.490315 1.968772 2.530392 2.958702 4.133234 4.508497 4.550122 4.272070 4.134740 3.541591 3.081667 3.202250 3.397904 3.451056 3.571196 3.181494 2.292641 2.170606 2.565708 3.149903 3.003888 2.113824 1.557198 1.344323 1.211684 0.844858 0.533248 0.227840 0.000000 0.000000 0.000000 0.000000 0.000000
0.000000 0.000000 0.000000 0.210090 0.340586 0.610519 0.728332 0.877239 0.872675 1.326169 1.389490 1.500946 1.623075 1.764522 1.964095 1.989729 2.317221 2.304437 2.683695 2.920507 3.041601 3.194022 4.372322 5.080806 6.232543 4.937406 3.103669 2.725478 2.728516 2.503879 2.113182 1.822879 2.456299 2.762229 3.454647 5.042408 5.180479 5.381111 4.719574 4.269844 3.546491 3.311818 3.617282 3.926497 4.338735 4.139440 3.421580 2.659146 2.269914 2.887138 3.581944 3.766832 2.644454 1.504928 1.233629 0.992398 0.870201 0.548093 0.321614 0.000000 0.000000 0.000000 0.000000 0.000000
0.000000 0.073410 0.195920 0.278434 0.212520 0.384181 0.570211 0.527013 0.848558 1.314849 1.755532 1.779482 1.548543 1.725586 1.679056 2.109122 2.753758 3.143408 3.780279 4.105398 4.686857 5.635970 6.269655 7.536291 8.199505 7.779152 2.910535 2.194118 2.713896 3.154054 2.475626 2.201963 2.943295 4.377341 6.462133 7.721778 7.448874 6.887583 6.003150 4.947189 4.499976 5.166511 5.180870 5.469587 6.737903 7.206800 6.698267 5.903079 4.102368 4.774949 6.270952 6.254831 3.538460 1.770967 1.206358 0.881810 1.012355 0.641729 0.152667 0.000000 0.000000 0.000000 0.000000 0.000000
0.000000 0.081349 0.287523 0.304494 0.283122 0.363624 0.541599 0.403592 0.580943 1.255759 1.863658 1.936810 1.579743 1.179017 1.276636 1.906432 3.105802 3.779873 4.445436 5.240516 5.330411 5.390913 6.306421 7.573088 9.246882 10.628586 2.843354 3.091918 4.442248 4.333949 3.562648 3.797350 5.326623 6.643331 7.956068 8.696820 8.776917 8.071983 6.737165 5.390772 5.392479 5.494751 6.043948 7.136957 8.231074 9.457567 9.708549 9.711324 7.789633 8.337221 12.282035 18.028322 5.685362 2.330574 1.433156 1.234330 1.337895 1.139363 0.373048 0.061007 0.000000 0.000000 0.000000 0.000000
0.000000 0.069981 0.130384 0.220177 0.235386 0.381082 0.430694 0.402315 0.622842 1.268028 1.759099 1.596736 1.491413 1.024008 1.120624 1.801354 3.339271 3.978668 4.658938 5.192896 5.550396 5.977939 6.371331 7.064252 8.628084 10.573984 2.448669 3.464038 14.315677 5.277165 5.394915 6.873200 7.229065 8.281954 9.111041 9.478771 9.310289 8.585902 6.589347 5.564413 5.394852 5.527843 6.639162 8.122514 9.911762 10.725350 10.351175 11.832307 10.766981 10.884361 19.940303 18.780778 16.503922 2.730133 1.960267 1.956393 1.600682 1.348438 0.515296 0.064823 0.000000 0.000000 0.000000 0.000000
0.000000 0.000000 0.112258 0.135982 0.204591 0.431403 0.550661 0.509608 0.533144 0.978274 1.334689 1.382517 1.107652 0.839443 0.972950 1.367159 3.128995 4.060230 4.569655 4.805243 5.705135 6.821854 6.741455 6.902768 7.627556 10.398784 2.856278 4.268086 14.628505 16.054891 16.893162 10.253822 10.964060 12.257870 12.753975 11.995714 10.717847 9.583295 8.210019 7.635737 7.520313 7.116856 7.336585 9.001835 10.714557 12.051229 12.760684 13.854230 14.270980 14.078382 13.872802 18.298711 15.224417 4.237469 2.314752 2.186215 1.921677 1.469173 0.585753 0.000000 0.000000 0.000000 0.000000 0.000000
0.000000 0.000000 0.000000 0.054613 0.169251 0.419412 0.501971 0.448596 0.355775 0.751609 1.051984 1.061480 1.166733 1.147135 1.231946 1.107673 2.269304 3.509254 4.334687 5.122337 5.825060 6.984728 7.415760 6.845821 5.859850 2.813450 3.343366 4.093614 5.801240 8.567762 9.953860 11.779537 14.338032 14.329194 13.409497 12.339294 10.843168 9.932057 9.314629 9.665712 8.604071 7.913016 8.209576 8.813044 9.956534 11.337892 12.775273 14.308530 13.739930 12.156908 9.836875 6.012441 3.678177 3.165376 2.576624 2.417596 2.572688 1.881862 0.692544 0.058915 0.000000 0.000000 0.000000 0.000000
0.000000 0.000000 0.000000 0.000000 0.146674 0.302946 0.350628 0.369199 0.373227 0.718229 1.042469 1.083733 1.174954 1.158383 1.059043 1.242520 2.170325 3.881962 4.540513 5.307331 6.405554 7.753175 8.352360 7.845721 8.498069 11.382515 3.964512 4.253328 6.188940 9.741176 11.063689 13.394800 15.763870 15.708294 14.207725 13.310959 11.481159 10.237507 10.137224 10.464954 9.648804 8.974886 9.166143 9.319763 10.012958 11.602704 12.480181 13.909835 13.343978 10.289456 7.517565 4.549118 3.348807 3.415295 2.860781 2.362784 2.326408 1.924367 0.979246 0.136556 0.116438 0.065145 0.000000 0.000000
0.000000 0.000000 0.000000 0.000000 0.119541 0.279469 0.335548 0.438543 0.413003 0.763968 0.928076 1.148595 1.321865 1.338659 1.511730 1.980935 2.797007 4.670861 5.469725 5.673540 6.746742 8.370910 9.105562 9.959837 10.174561 11.441220 3.759968 4.608283 8.194720 12.644511 16.381361 18.121110 19.195780 19.233870 18.094528 15.632855 12.827724 10.537198 10.289730 10.390080 9.949888 9.426429 8.837347 8.394299 10.089243 10.856124 11.848579 11.406406 9.723291 6.531929 3.752338 2.363333 2.256122 2.459249 2.505016 1.695592 1.129514 1.014663 0.553285 0.250466 0.147362 0.196384 0.138638 0.057792
0.000000 0.000000 0.000000 0.000000 0.203261 0.329791 0.392379 0.491529 0.451687 0.611357 0.924874 1.265105 1.440430 1.422261 1.622666 1.929217 2.577161 4.210798 4.977062 5.487252 6.552493 8.305295 10.046161 10.800600 10.658578 9.246712 3.826705 4.368879 7.541241 12.920752 17.885649 19.767714 20.824832 20.400886 18.989393 16.134487 13.247185 10.441512 8.996133 9.169093 8.986414 9.024331 8.387807 7.640854 8.177138 8.868465 9.332825 8.034923 6.632268 5.401586 3.370241 2.118144 1.846058 2.183234 2.221794 1.819042 1.015598 0.929681 0.516789 0.272844 0.178409 0.195504 0.190143 0.189298
0.000000 0.000000 0.000000 0.000000 0.173865 0.441255 0.462317 0.513494 0.795232 0.864022 1.062073 1.723990 2.161940 1.899801 1.695648 1.755447 2.304902 3.727703 5.304627 6.807180 7.701317 8.550446 9.843516 9.995383 10.609361 10.691313 10.463470 3.562682 8.433879 16.220906 32.688309 26.057288 25.696225 22.831676 20.727565 17.470567 13.948476 10.359013 8.757816 9.305873 9.151848 8.027172 8.017766 8.037817 7.037083 7.349015 7.619367 7.349529 6.731427 4.590425 2.899271 1.625974 1.679446 2.362591 2.326261 1.611663 1.422506 0.803597 0.696588 0.493534 0.207410 0.163989 0.080911 0.000000
0.000000 0.000000 0.000000 0.000000 0.135640 0.397912 0.552702 0.666945 0.758294 0.677247 1.167918 1.854231 1.642973 1.101022 1.144368 1.082536 1.754856 3.001588 4.606291 6.720807 7.215464 7.879532 8.596088 8.885113 9.045680 8.574148 6.699506 3.553157 6.020433 14.312397 22.600010 24.443528 25.539174 24.064356 20.641249 17.236959 14.008280 9.446886 7.192711 6.869374 6.463928 5.717756 6.011486 5.724270 5.060011 5.350085 5.331864 5.204161 4.607560 3.699363 2.434560 1.810934 2.064671 2.446643 2.602309 1.570612 1.606585 0.790895 0.728930 0.502476 0.159855 0.127574 0.000000 0.000000
0.000000 0.000000 0.000000 0.000000 0.059125 0.260579 0.530092 0.614798 0.759712 0.789652 1.565305 1.898541 1.402881 1.111029 1.134268 1.478284 2.413571 3.592975 5.016718 6.399667 6.754769 7.171853 8.154362 8.315276 8.449667 7.662904 4.857815 2.633675 10.188088 16.846228 20.780164 23.513469 24.470844 22.754763 19.768481 16.215292 12.858538 9.372697 6.867286 5.040768 4.107490 3.351767 4.306339 5.320262 4.709092 4.310635 4.100974 4.356281 3.728019 2.981911 2.182021 2.161103 2.724567 3.003307 2.344391 1.704091 1.295429 0.746298 0.403960 0.206636 0.000000 0.000000 0.000000 0.000000
0.000000 0.000000 0.000000 0.000000 0.000000 0.126568 0.352441 0.448822 0.945030 0.898421 1.791906 1.834456 1.457808 1.218816 1.444931 1.712695 2.518817 3.576867 4.464148 5.317154 6.072468 6.796471 7.772175 8.512208 8.285506 7.519089 4.494150 2.538138 7.632989 13.122947 17.533853 19.399569 20.750650 19.392359 17.214788 14.001020 10.289952 6.538286 4.949334 3.074973 2.567925 2.411371 3.044060 3.561851 3.317162 2.921523 3.035991 2.903793 2.625538 2.375195 2.381346 1.987356 2.433409 2.811936 2.113638 1.425521 1.048641 0.567689 0.219254 0.000000 0.000000 0.000000 0.000000 0.000000
0.000000 0.000000 0.000000 0.000000 0.000000 0.141145 0.282730 0.461879 0.614972 1.067395 1.768483 1.957966 1.637023 1.625105 1.512211 1.362890 2.081887 2.986588 4.089461 5.165191 5.801343 6.894108 8.146635 9.545012 9.564302 8.656456 6.952295 3.754327 16.807115 13.715276 14.157642 13.887542 14.222739 14.388676 12.605835 9.072088 5.504150 3.006481 2.314247 1.532555 1.293052 1.125340 1.149591 1.121920 1.101302 1.371342 1.674155 2.005867 1.528446 1.320565 1.267687 1.002316 1.240118 1.326768 1.166364 0.941359 0.415437 0.417659 0.249553 0.000000 0.000000 0.000000 0.000000 0.000000
0.000000 0.000000 0.000000 0.000000 0.000000 0.000000 0.141569 0.253195 0.576468 0.977101 1.777261 2.087420 1.929387 1.861393 1.579385 0.969834 1.242842 2.148517 3.302536 4.392207 5.819183 6.795400 8.326639 9.523857 9.261085 8.662006 6.410987 3.974923 17.739764 12.296511 11.211706 10.002147 9.706586 9.624933 8.813172 5.875318 2.791231 2.019085 0.983038 0.590763 0.405209 0.522212 0.703745 0.753533 0.956718 0.905493 0.907778 1.505735 1.382955 0.936828 0.769673 0.894140 0.712792 0.848060 0.557240 0.307238 0.282781 0.100757 0.088103 0.000000 0.000000 0.000000 0.000000 0.000000
0.000000 0.000000 0.000000 0.000000 0.000000 0.000000 0.068906 0.156558 0.530557 0.957970 1.416528 1.836992 1.794530 1.812896 1.158859 0.525761 0.586248 1.318157 2.949160 4.782927 6.337734 7.318754 8.305539 9.500206 9.945788 9.670002 11.383761 12.625388 5.560317 18.098312 10.736749 6.794712 4.873684 5.365034 4.959393 3.563158 1.840461 1.182798 0.485481 0.288007 0.092891 0.199603 0.291475 0.331022 0.412130 0.508358 0.589546 0.977522 1.202197 0.645173 0.488502 0.411980 0.209348 0.613015 0.450750 0.214457 0.000000 0.000000 0.000000 0.000000 0.000000 0.000000 0.000000 0.000000
0.000000 0.000000 0.000000 0.000000 0.054520 0.124658 0.074895 0.199813 0.629751 1.023276 1.026764 1.460281 1.527887 1.367083 0.924657 0.406125 0.581004 1.133465 3.846035 5.240539 6.335232 7.583779 8.327064 9.524102 10.917088 11.360152 12.610629 11.801845 13.119652 15.366424 14.382205 2.247814 1.421544 1.976793 1.498051 1.236246 0.818314 0.426106 0.142025 0.059093 0.000000 0.000000 0.088226 0.101668 0.127515 0.066090 0.347096 0.681304 0.812980 0.690203 0.282904 0.214295 0.065681 0.221827 0.391013 0.077420 0.000000 0.000000 0.000000 0.000000 0.000000 0.000000 0.000000 0.000000
0.000000 0.000000 0.000000 0.000000 0.074892 0.157576 0.153815 0.254715 0.230328 0.594554 1.157131 1.064491 1.080273 1.167189 0.710720 0.506331 0.675293 1.411686 3.827831 5.682708 6.497714 7.386703 8.052789 9.187823 11.009372 12.192698 13.015523 11.875946 11.699399 10.637676 6.254725 2.365184 2.087852 2.682087 1.357139 0.524844 0.295312 0.064691 0.054700 0.000000 0.000000 0.000000 0.000000 0.000000 0.000000 0.000000 0.199498 0.381352 0.312338 0.348877 0.212118 0.139401 0.066226 0.207256 0.208385 0.139342 0.000000 0.000000 0.000000 0.000000 0.000000 0.000000 0.000000 0.000000
0.000000 0.000000 0.000000 0.000000 0.154012 0.185545 0.158534 0.145342 0.291446 0.531137 0.774432 1.352768 1.428239 1.064084 0.706009 0.516173 0.369934 1.001524 3.495809 4.679452 5.371311 6.570003 7.587148 8.553448 10.177251 12.127356 13.066821 12.195318 11.111935 9.475755 8.223604 2.176101 2.212068 1.771292 1.278734 0.621146 0.255084 0.000000 0.000000 0.000000 0.000000 0.000000 0.000000 0.000000 0.000000 0.000000 0.187361 0.315137 0.300346 0.188508 0.085356 0.000000 0.000000 0.117013 0.077433 0.076956 0.000000 0.000000 0.000000 0.000000 0.000000 0.000000 0.000000 0.000000
0.000000 0.000000 0.000000 0.000000 0.066748 0.090366 0.137145 0.128281 0.372746 0.638396 1.028441 1.716164 1.649748 1.123074 0.743308 0.745837 0.664767 1.004897 1.782006 2.929533 4.099296 5.769628 6.922512 7.944678 9.668171 12.038566 12.799283 12.464418 11.098037 9.737726 5.870985 3.159441 2.095704 1.402185 1.352731 0.849763 0.231154 0.000000 0.000000 0.000000 0.000000 0.000000 0.000000 0.000000 0.000000 0.000000 0.059756 0.228785 0.245654 0.120341 0.000000 0.000000 0.000000 0.000000 0.000000 0.000000 0.000000 0.000000 0.000000 0.000000 0.000000 0.000000 0.000000 0.000000
0.000000 0.000000 0.000000 0.000000 0.000000 0.000000 0.073926 0.173177 0.392504 0.628249 0.681491 1.067294 0.984420 0.782768 0.828985 0.815672 0.706140 1.032985 1.127587 1.959039 2.532216 3.548497 5.325579 7.181373 9.108770 9.981246 9.972501 10.306952 9.505843 6.072021 3.212462 2.669177 2.213527 1.611903 1.495798 1.357834 0.600928 0.076433 0.000000 0.000000 0.000000 0.000000 0.000000 0.000000 0.000000 0.000000 0.000000 0.064402 0.113839 0.110810 0.000000 0.000000 0.000000 0.000000 0.000000 0.000000 0.000000 0.000000 0.000000 0.000000 0.000000 0.000000 0.000000 0.000000
0.000000 0.000000 0.000000 0.000000 0.000000 0.000000 0.059274 0.060881 0.353686 0.361815 0.523489 0.771778 0.359743 0.161406 0.356963 0.301932 0.278795 0.142013 0.253883 1.135280 1.864132 3.167087 3.559446 5.446728 6.869418 7.451201 6.379197 5.271423 4.579494 4.387399 2.165943 1.737095 1.387879 1.186849 1.253439 1.064628 0.580845 0.234163 0.000000 0.000000 0.000000 0.000000 0.000000 0.000000 0.000000 0.000000 0.000000 0.000000 0.000000 0.000000 0.000000 0.000000 0.000000 0.000000 0.000000 0.000000 0.000000 0.000000 0.000000 0.000000 0.000000 0.000000 0.000000 0.000000
0.000000 0.000000 0.000000 0.000000 0.000000 0.000000 0.000000 0.000000 0.000000 0.139410 0.269663 0.236842 0.055074 0.000000 0.000000 0.000000 0.000000 0.000000 0.000000 0.315065 0.850387 1.216417 1.582310 1.491510 1.195758 1.464116 1.651530 1.372483 1.382988 1.484603 1.507739 1.388843 1.215752 1.015327 0.939956 0.634799 0.553188 0.364620 0.000000 0.000000 0.000000 0.000000 0.000000 0.000000 0.000000 0.000000 0.000000 0.000000 0.000000 0.000000 0.000000 0.000000 0.000000 0.000000 0.000000 0.000000 0.000000 0.000000 0.000000 0.000000 0.000000 0.000000 0.000000 0.000000
0.000000 0.000000 0.000000 0.000000 0.000000 0.000000 0.000000 0.000000 0.000000 0.150901 0.287889 0.195096 0.063173 0.000000 0.000000 0.000000 0.000000 0.000000 0.000000 0.143552 0.697838 1.258620 1.677888 1.610208 1.081861 1.227701 1.260964 0.830669 0.556047 1.018008 1.615658 1.402749 0.989177 0.789042 0.581586 0.349049 0.477028 0.304796 0.000000 0.000000 0.000000 0.000000 0.000000 0.000000 0.000000 0.000000 0.000000 0.000000 0.000000 0.000000 0.000000 0.000000 0.000000 0.000000 0.000000 0.000000 0.000000 0.000000 0.000000 0.000000 0.000000 0.000000 0.000000 0.000000
0.000000 0.000000 0.000000 0.000000 0.000000 0.000000 0.000000 0.000000 0.000000 0.176099 0.166274 0.057896 0.000000 0.000000 0.000000 0.073584 0.063428 0.000000 0.085005 0.304636 0.873830 1.619604 2.199736 2.869235 3.700728 3.436523 2.669957 1.396674 0.745593 1.622448 2.308330 1.906892 1.419367 0.931749 0.514898 0.473109 0.440259 0.224919 0.102028 0.072594 0.000000 0.000000 0.000000 0.000000 0.000000 0.000000 0.000000 0.000000 0.000000 0.000000 0.000000 0.000000 0.000000 0.000000 0.000000 0.000000 0.000000 0.000000 0.000000 0.000000 0.000000 0.000000 0.000000 0.000000
0.000000 0.000000 0.000000 0.000000 0.000000 0.000000 0.000000 0.000000 0.000000 0.086301 0.096041 0.064540 0.063097 0.115862 0.156517 0.165105 0.149535 0.073417 0.110983 0.272033 0.801017 1.431165 2.268001 3.495269 4.451829 4.382543 3.229921 2.318288 1.957900 2.064474 1.916055 2.037266 2.190123 2.061585 1.081632 0.433329 0.449268 0.274474 0.164046 0.088661 0.000000 0.000000 0.000000 0.000000 0.000000 0.000000 0.000000 0.000000 0.000000 0.000000 0.000000 0.000000 0.000000 0.000000 0.000000 0.000000 0.000000 0.000000 0.000000 0.000000 0.000000 0.000000 0.000000 0.000000
0.000000 0.000000 0.000000 0.000000 0.000000 0.000000 0.000000 0.000000 0.000000 0.000000 0.000000 0.122970 0.144812 0.200940 0.183347 0.168526 0.144854 0.142762 0.227091 0.385737 0.732472 1.091065 2.228815 3.379377 3.555277 3.499466 3.009802 2.731067 2.310824 1.686499 1.980780 2.053029 2.312060 2.093831 0.919034 0.403215 0.335140 0.244977 0.143023 0.070878 0.000000 0.000000 0.000000 0.000000 0.000000 0.000000 0.000000 0.000000 0.000000 0.000000 0.000000 0.000000 0.000000 0.000000 0.000000 0.000000 0.000000 0.000000 0.000000 0.000000 0.000000 0.000000 0.000000 0.000000
0.000000 0.000000 0.000000 0.000000 0.000000 0.000000 0.000000 0.000000 0.000000 0.000000 0.214002 0.152291 0.144038 0.127149 0.060483 0.128331 0.095591 0.212658 0.277143 0.218007 0.399532 0.636869 0.625455 1.102593 1.047891 1.055356 1.716555 1.765860 1.360858 1.349545 1.285845 1.650781 1.530445 0.666008 0.583707 0.362380 0.398271 0.414914 0.229762 0.134678 0.000000 0.000000 0.000000 0.000000 0.000000 0.000000 0.000000 0.000000 0.000000 0.000000 0.000000 0.000000 0.000000 0.000000 0.000000 0.000000 0.000000 0.000000 0.000000 0.000000 0.000000 0.000000 0.000000 0.000000
0.000000 0.000000 0.000000 0.000000 0.000000 0.000000 0.000000 0.000000 0.000000 0.000000 0.154583 0.151544 0.137460 0.055958 0.000000 0.055868 0.150315 0.217957 0.269210 0.163663 0.213093 0.314019 0.446236 0.688921 0.510120 0.661367 1.149728 1.592003 1.073183 1.240315 1.035142 1.129453 0.968260 0.552276 0.288415 0.284281 0.434719 0.366516 0.254074 0.209583 0.000000 0.000000 0.000000 0.000000 0.000000 0.000000 0.000000 0.000000 0.000000 0.000000 0.000000 0.000000 0.000000 0.000000 0.000000 0.000000 0.000000 0.000000 0.000000 0.000000 0.000000 0.000000 0.000000 0.000000
0.000000 0.000000 0.000000 0.000000 0.000000 0.000000 0.000000 0.000000 0.000000 0.000000 0.000000 0.169703 0.000000 0.000000 0.000000 0.000000 0.000000 0.000000 0.000000 0.060924 0.083816 0.381405 0.697714 0.819771 0.747852 0.553805 0.886566 1.095235 1.071953 0.979364 0.867629 1.237743 1.065821 0.840844 0.563356 0.357362 0.307570 0.241158 0.147496 0.056005 0.000000 0.000000 0.000000 0.000000 0.000000 0.000000 0.000000 0.000000 0.000000 0.000000 0.000000 0.000000 0.000000 0.000000 0.000000 0.000000 0.000000 0.000000 0.000000 0.000000 0.000000 0.000000 0.000000 0.000000
0.000000 0.000000 0.000000 0.000000 0.000000 0.000000 0.000000 0.000000 0.000000 0.000000 0.000000 0.000000 0.000000 0.000000 0.000000 0.000000 0.000000 0.000000 0.000000 0.000000 0.148545 0.322666 0.578378 1.002238 0.803241 0.702484 0.633051 0.884546 1.049642 0.960335 0.977174 1.328905 1.315723 0.895220 0.773149 0.476971 0.273005 0.172150 0.083733 0.000000 0.000000 0.000000 0.000000 0.000000 0.000000 0.000000 0.000000 0.000000 0.000000 0.000000 0.000000 0.000000 0.000000 0.000000 0.000000 0.000000 0.000000 0.000000 0.000000 0.000000 0.000000 0.000000 0.000000 0.000000
0.000000 0.000000 0.000000 0.000000 0.000000 0.000000 0.000000 0.000000 0.000000 0.000000 0.000000 0.000000 0.000000 0.000000 0.000000 0.000000 0.000000 0.000000 0.000000 0.000000 0.075025 0.218068 0.444694 0.770819 0.726326 0.462610 0.497087 0.664318 0.912158 0.710045 0.859366 1.114839 1.145742 0.845481 0.586923 0.327945 0.220823 0.155104 0.072588 0.000000 0.000000 0.000000 0.000000 0.000000 0.000000 0.000000 0.000000 0.000000 0.000000 0.000000 0.000000 0.000000 0.000000 0.000000 0.000000 0.000000 0.000000 0.000000 0.000000 0.000000 0.000000 0.000000 0.000000 0.000000
0.000000 0.000000 0.000000 0.000000 0.000000 0.000000 0.000000 0.000000 0.000000 0.000000 0.000000 0.000000 0.000000 0.000000 0.000000 0.000000 0.000000 0.000000 0.000000 0.000000 0.000000 0.079092 0.227998 0.160919 0.388904 0.435455 0.610641 0.624027 0.277633 0.461297 0.467108 0.424329 0.559922 0.458687 0.181551 0.100048 0.000000 0.000000 0.000000 0.000000 0.000000 0.000000 0.000000 0.000000 0.000000 0.000000 0.000000 0.000000 0.000000 0.000000 0.000000 0.000000 0.000000 0.000000 0.000000 0.000000 0.000000 0.000000 0.000000 0.000000 0.000000 0.000000 0.000000 0.000000
0.000000 0.000000 0.000000 0.000000 0.000000 0.000000 0.000000 0.000000 0.000000 0.000000 0.000000 0.000000 0.000000 0.000000 0.000000 0.000000 0.000000 0.000000 0.000000 0.000000 0.000000 0.000000 0.236269 0.070851 0.284119 0.350570 0.500800 0.292584 0.212374 0.226655 0.266709 0.401008 0.444579 0.355162 0.242264 0.000000 0.000000 0.000000 0.000000 0.000000 0.000000 0.000000 0.000000 0.000000 0.000000 0.000000 0.000000 0.000000 0.000000 0.000000 0.000000 0.000000 0.000000 0.000000 0.000000 0.000000 0.000000 0.000000 0.000000 0.000000 0.000000 0.000000 0.000000 0.000000
0.000000 0.000000 0.000000 0.000000 0.000000 0.000000 0.000000 0.000000 0.000000 0.000000 0.000000 0.000000 0.000000 0.000000 0.000000 0.000000 0.000000 0.000000 0.000000 0.000000 0.000000 0.000000 0.000000 0.000000 0.066756 0.136332 0.219174 0.139972 0.133769 0.297910 0.388944 0.466179 0.561315 0.417805 0.350330 0.122304 0.000000 0.000000 0.121048 0.000000 0.063887 0.000000 0.000000 0.000000 0.000000 0.000000 0.000000 0.000000 0.000000 0.000000 0.000000 0.000000 0.000000 0.000000 0.000000 0.000000 0.000000 0.000000 0.000000 0.000000 0.000000 0.000000 0.000000 0.000000
0.000000 0.000000 0.000000 0.000000 0.000000 0.000000 0.000000 0.000000 0.000000 0.000000 0.000000 0.000000 0.000000 0.000000 0.000000 0.000000 0.000000 0.000000 0.000000 0.000000 0.000000 0.000000 0.000000 0.000000 0.000000 0.000000 0.000000 0.000000 0.000000 0.142137 0.213130 0.269001 0.365005 0.568331 0.731396 0.408878 0.122873 0.069168 0.221553 0.138415 0.061508 0.000000 0.000000 0.000000 0.000000 0.000000 0.000000 0.000000 0.000000 0.000000 0.000000 0.000000 0.000000 0.000000 0.000000 0.000000 0.000000 0.000000 0.000000 0.000000 0.000000 0.000000 0.000000 0.000000
0.000000 0.000000 0.000000 0.000000 0.000000 0.000000 0.000000 0.000000 0.000000 0.000000 0.000000 0.000000 0.000000 0.000000 0.000000 0.000000 0.000000 0.000000 0.000000 0.000000 0.000000 0.000000 0.000000 0.000000 0.000000 0.000000 0.000000 0.000000 0.000000 0.081359 0.133738 0.143121 0.360507 0.539113 0.593213 0.400041 0.081576 0.120900 0.185866 0.152125 0.059205 0.000000 0.000000 0.000000 0.000000 0.000000 0.000000 0.000000 0.000000 0.000000 0.000000 0.000000 0.000000 0.000000 0.000000 0.000000 0.000000 0.000000 0.000000 0.000000 0.000000 0.000000 0.000000 0.000000
0.000000 0.000000 0.000000 0.000000 0.000000 0.000000 0.000000 0.000000 0.000000 0.000000 0.000000 0.000000 0.000000 0.000000 0.000000 0.000000 0.000000 0.000000 0.000000 0.000000 0.000000 0.000000 0.000000 0.000000 0.000000 0.000000 0.000000 0.000000 0.000000 0.082918 0.128164 0.176213 0.511927 0.638146 0.546275 0.284150 0.000000 0.058860 0.182730 0.151208 0.000000 0.000000 0.000000 0.000000 0.000000 0.000000 0.000000 0.000000 0.000000 0.000000 0.000000 0.000000 0.000000 0.000000 0.000000 0.000000 0.000000 0.000000 0.000000 0.000000 0.000000 0.000000 0.000000 0.000000
0.000000 0.000000 0.000000 0.000000 0.000000 0.000000 0.000000 0.000000 0.000000 0.000000 0.000000 0.000000 0.000000 0.000000 0.000000 0.000000 0.000000 0.000000 0.000000 0.000000 0.000000 0.000000 0.000000 0.000000 0.000000 0.000000 0.000000 0.000000 0.000000 0.163723 0.300744 0.405686 0.853758 0.779003 0.646838 0.467520 0.289570 0.215111 0.113152 0.093307 0.000000 0.000000 0.000000 0.000000 0.000000 0.000000 0.000000 0.000000 0.000000 0.000000 0.000000 0.000000 0.000000 0.000000 0.000000 0.000000 0.000000 0.000000 0.000000 0.000000 0.000000 0.000000 0.000000 0.000000
0.000000 0.000000 0.000000 0.000000 0.000000 0.000000 0.000000 0.000000 0.000000 0.000000 0.000000 0.000000 0.000000 0.000000 0.000000 0.000000 0.000000 0.000000 0.000000 0.000000 0.000000 0.000000 0.000000 0.000000 0.000000 0.000000 0.000000 0.000000 0.000000 0.244358 0.351271 0.523718 0.738903 0.763732 0.821742 0.723362 0.406110 0.211274 0.185798 0.088657 0.000000 0.000000 0.000000 0.000000 0.000000 0.000000 0.000000 0.000000 0.000000 0.000000 0.000000 0.000000 0.000000 0.000000 0.000000 0.000000 0.000000 0.000000 0.000000 0.000000 0.000000 0.000000 0.000000 0.000000
0.000000 0.000000 0.000000 0.000000 0.000000 0.000000 0.000000 0.000000 0.000000 0.000000 0.000000 0.000000 0.000000 0.000000 0.000000 0.000000 0.000000 0.000000 0.000000 0.000000 0.000000 0.000000 0.000000 0.000000 0.000000 0.000000 0.000000 0.000000 0.057438 0.161553 0.252111 0.294625 0.503222 0.680102 0.733812 0.663347 0.500132 0.191537 0.168664 0.083490 0.000000 0.000000 0.000000 0.000000 0.000000 0.000000 0.000000 0.000000 0.000000 0.000000 0.000000 0.000000 0.000000 0.000000 0.000000 0.000000 0.000000 0.000000 0.000000 0.000000 0.000000 0.000000 0.000000 0.000000
0.000000 0.000000 0.000000 0.000000 0.000000 0.000000 0.000000 0.000000 0.000000 0.000000 0.000000 0.000000 0.000000 0.000000 0.000000 0.000000 0.000000 0.000000 0.000000 0.000000 0.000000 0.000000 0.000000 0.000000 0.000000 0.000000 0.000000 0.000000 0.132872 0.166519 0.161309 0.134614 0.323222 0.320021 0.412410 0.553293 0.453301 0.151990 0.151659 0.079005 0.000000 0.000000 0.000000 0.000000 0.000000 0.000000 0.000000 0.000000 0.000000 0.000000 0.000000 0.000000 0.000000 0.000000 0.000000 0.000000 0.000000 0.000000 0.000000 0.000000 0.000000 0.000000 0.000000 0.000000
0.000000 0.000000 0.000000 0.000000 0.000000 0.000000 0.000000 0.000000 0.000000 0.000000 0.000000 0.000000 0.000000 0.000000 0.000000 0.000000 0.000000 0.000000 0.000000 0.000000 0.000000 0.000000 0.000000 0.000000 0.000000 0.000000 0.000000 0.000000 0.066770 0.225394 0.260128 0.174508 0.100440 0.139976 0.149039 0.321817 0.286440 0.087080 0.083100 0.000000 0.000000 0.000000 0.000000 0.000000 0.000000 0.000000 0.000000 0.000000 0.000000 0.000000 0.000000 0.000000 0.000000 0.000000 0.000000 0.000000 0.000000 0.000000 0.000000 0.000000 0.000000 0.000000 0.000000 0.000000
0.000000 0.000000 0.000000 0.000000 0.000000 0.000000 0.000000 0.000000 0.000000 0.000000 0.000000 0.000000 0.000000 0.000000 0.000000 0.000000 0.000000 0.000000 0.000000 0.000000 0.000000 0.000000 0.000000 0.000000 0.000000 0.000000 0.000000 0.000000 0.000000 0.128178 0.196016 0.204894 0.154677 0.000000 0.065564 0.121614 0.219048 0.074421 0.068946 0.000000 0.000000 0.000000 0.000000 0.000000 0.000000 0.000000 0.000000 0.000000 0.000000 0.000000 0.000000 0.000000 0.000000 0.000000 0.000000 0.000000 0.000000 0.000000 0.000000 0.000000 0.000000 0.000000 0.000000 0.000000
0.000000 0.000000 0.000000 0.000000 0.000000 0.000000 0.000000 0.000000 0.000000 0.000000 0.000000 0.000000 0.000000 0.000000 0.000000 0.000000 0.000000 0.000000 0.000000 0.000000 0.000000 0.000000 0.000000 0.000000 0.000000 0.000000 0.000000 0.000000 0.000000 0.129713 0.186055 0.180843 0.087298 0.000000 0.000000 0.000000 0.000000 0.000000 0.000000 0.000000 0.000000 0.000000 0.000000 0.000000 0.000000 0.000000 0.000000 0.000000 0.000000 0.000000 0.000000 0.000000 0.000000 0.000000 0.000000 0.000000 0.000000 0.000000 0.000000 0.000000 0.000000 0.000000 0.000000 0.000000
0.000000 0.000000 0.000000 0.000000 0.000000 0.000000 0.000000 0.000000 0.000000 0.000000 0.000000 0.000000 0.000000 0.000000 0.000000 0.000000 0.000000 0.000000 0.000000 0.000000 0.000000 0.000000 0.000000 0.000000 0.000000 0.000000 0.000000 0.000000 0.000000 0.000000 0.143531 0.079195 0.066981 0.000000 0.000000 0.000000 0.000000 0.000000 0.000000 0.000000 0.000000 0.000000 0.000000 0.000000 0.000000 0.000000 0.000000 0.000000 0.000000 0.000000 0.000000 0.000000 0.000000 0.000000 0.000000 0.000000 0.000000 0.000000 0.000000 0.000000 0.000000 0.000000 0.000000 0.000000
