0.000000 0.000000 0.000000 0.000000 0.000000 0.000000 0.000000 0.000000 0.000000 0.000000 0.000000 0.000000 0.064137 0.126506 0.323926 0.342344 0.084901 0.000000 0.000000 0.000000 0.000000 0.000000 0.000000
0.000000 0.000000 0.000000 0.000000 0.000000 0.000000 0.000000 0.000000 0.000000 0.000000 0.000000 0.122727 0.320492 0.529409 0.997965 1.085761 0.754614 0.238559 0.153661 0.073116 0.132130 0.190950 0.000000
0.000000 0.000000 0.000000 0.000000 0.000000 0.000000 0.000000 0.000000 0.121386 0.468921 0.553245 1.052610 1.553880 2.173046 2.932324 2.711446 1.536309 0.820888 0.266724 0.203936 0.279482 0.234433 0.080223
0.000000 0.000000 0.000000 0.000000 0.000000 0.074631 0.341283 0.392972 0.816138 1.354751 2.403946 2.760654 3.943381 4.756492 5.164946 4.524651 3.139009 2.056274 0.831556 0.233526 0.290983 0.228320 0.152920
0.000000 0.000000 0.064064 0.079098 0.202702 0.407257 1.228226 1.717258 2.489284 3.125740 3.901741 4.320097 4.904652 5.555575 5.572836 4.952925 3.770841 3.115268 0.977702 0.429841 0.222468 0.134199 0.079821
0.000000 0.000000 0.137968 0.301560 0.629890 1.155228 2.067119 2.269475 2.588795 3.112457 3.796381 4.471891 5.172346 5.822590 5.696173 5.517907 4.994967 3.026944 1.258219 1.029294 0.361573 0.176915 0.000000
0.000000 0.000000 0.124517 0.548776 1.198768 1.904757 2.086756 1.289695 0.953755 1.993298 3.038287 4.114671 4.562672 5.381680 5.961470 5.811179 5.224488 4.077896 2.215925 1.429493 0.863466 0.112423 0.000000
0.000000 0.268395 0.433446 0.450815 0.907164 1.427023 1.151238 0.349363 0.185046 1.242189 2.401046 3.192931 4.440619 6.175205 7.523913 7.412303 6.567167 4.200974 2.701962 1.612268 0.865678 0.100815 0.000000
0.059841 0.432831 0.782916 0.796170 0.803608 0.627344 0.368546 0.120770 0.244384 0.691890 1.795897 3.275659 5.404286 7.579436 9.291599 9.349472 8.481453 6.578279 3.391060 1.805179 0.792017 0.429318 0.059987
0.062298 0.152361 0.515822 0.587754 0.326497 0.264788 0.199165 0.000000 0.068680 0.210440 0.721213 1.704396 2.291718 5.005782 8.011794 8.766152 7.885843 5.827366 3.054229 1.774113 1.018788 0.479388 0.119571
0.000000 0.000000 0.189547 0.217544 0.168919 0.075358 0.000000 0.000000 0.000000 0.000000 0.000000 0.498142 0.631853 1.308030 3.835796 5.506470 6.171291 4.383409 2.260003 1.451165 0.914322 0.547551 0.128726
0.000000 0.000000 0.065396 0.056512 0.130208 0.058560 0.000000 0.000000 0.000000 0.000000 0.000000 0.000000 0.000000 0.120741 0.262483 1.281633 1.709422 2.381975 1.749424 1.197528 0.451999 0.191254 0.134973
0.000000 0.000000 0.000000 0.000000 0.000000 0.000000 0.000000 0.000000 0.000000 0.000000 0.000000 0.000000 0.000000 0.000000 0.000000 0.122533 0.130147 0.383912 0.460391 0.338185 0.058250 0.000000 0.000000
