0.000000 0.000000 0.000000 0.000000 0.000000 0.000000 0.000000 0.000000 0.000000 0.000000 0.000000 0.000000 0.000000 0.000000 0.000000 0.000000 0.000000 0.000000 0.000000 0.000000 0.000000 0.000000 0.061837 0.085463 0.079786
0.000000 0.000000 0.000000 0.000000 0.000000 0.000000 0.000000 0.000000 0.000000 0.000000 0.000000 0.000000 0.000000 0.000000 0.055473 0.108464 0.000000 0.000000 0.000000 0.000000 0.000000 0.000000 0.055050 0.067490 0.171509
0.000000 0.000000 0.000000 0.000000 0.000000 0.000000 0.000000 0.000000 0.000000 0.000000 0.000000 0.000000 0.053780 0.106890 0.190671 0.188561 0.161317 0.123235 0.064412 0.000000 0.000000 0.062727 0.164215 0.181935 0.193148
0.000000 0.000000 0.000000 0.000000 0.000000 0.000000 0.000000 0.000000 0.000000 0.000000 0.051099 0.122097 0.169669 0.234916 0.385236 0.582088 0.745216 0.539436 0.272465 0.000000 0.000000 0.000000 0.226228 0.538516 0.526516
0.000000 0.000000 0.000000 0.000000 0.000000 0.000000 0.000000 0.000000 0.000000 0.000000 0.234076 0.243390 0.336123 0.382962 0.429149 0.943775 1.334763 1.145568 0.885114 0.692110 0.454818 0.399685 0.618964 0.779185 0.771705
0.000000 0.000000 0.000000 0.000000 0.000000 0.000000 0.054999 0.221096 0.265996 0.346878 0.603902 1.095262 1.241448 1.376312 1.534814 1.761673 2.052015 1.729611 1.656763 1.794782 1.533228 1.043518 0.832972 0.989257 1.054236
0.000000 0.000000 0.000000 0.000000 0.000000 0.000000 0.235468 0.503840 0.883058 1.134900 1.384983 1.777283 2.165215 2.599334 2.921120 2.908579 2.545289 2.468919 2.383323 2.297911 2.029291 1.523845 1.246173 1.088537 1.068718
0.000000 0.000000 0.000000 0.000000 0.000000 0.124532 0.324096 0.577725 0.841422 0.932095 1.031822 1.747407 2.388629 3.029123 3.203110 3.196518 2.724423 2.548914 2.489293 2.012692 1.714528 1.666894 1.380113 1.267664 0.779556
0.000000 0.119125 0.076483 0.115759 0.108177 0.195351 0.549718 0.561103 0.741164 1.010538 1.343646 1.638996 2.098866 2.726399 2.823711 3.141576 2.698572 2.557919 2.796336 2.387484 1.934910 1.580053 1.558899 1.495846 0.623587
0.116490 0.247196 0.305130 0.342538 0.224359 0.432221 0.749082 0.713825 0.669123 1.278241 1.584725 1.718850 2.034341 2.212220 2.662132 2.998088 2.846373 2.450815 2.667731 2.578761 2.094643 1.524756 1.236687 0.933626 0.559029
0.064889 0.226456 0.391360 0.521520 0.557729 0.826225 0.905414 0.920318 0.872032 1.393552 1.505660 1.896692 2.035643 2.488009 2.807755 3.377578 3.301418 2.875735 3.126780 3.233729 2.864866 2.343355 2.095521 1.960644 1.554671
0.051503 0.149206 0.273249 0.593978 0.873380 1.175168 1.118553 0.941935 0.908007 1.195143 1.115486 1.633784 1.810122 2.515786 3.021493 3.740333 4.325739 4.365935 4.648549 4.492480 4.251345 3.800259 3.493681 3.523337 3.077499
0.000000 0.114339 0.344177 0.642540 1.252579 1.299168 0.997358 0.803472 0.831410 1.027096 1.273155 1.675696 2.234636 2.851348 3.389824 4.391674 5.291098 5.528778 5.811247 5.705552 5.484813 5.153489 5.093232 4.646247 4.252869
0.118559 0.361539 0.761768 1.135229 1.414444 1.260394 0.826627 0.311891 0.432564 0.803275 1.401107 1.484690 1.937087 2.739949 3.583366 4.518136 5.139575 5.462612 5.858344 5.952225 5.786054 5.615239 5.562333 4.941325 4.301165
0.178508 0.601150 0.925546 1.282916 1.283683 1.234024 0.718339 0.294534 0.241476 0.550534 1.077793 1.168095 1.491134 2.305390 3.888968 4.460876 4.687132 5.012735 5.238104 5.324042 5.553551 5.584590 5.175800 4.600209 4.033936
0.000000 0.301045 0.465988 1.001103 1.246584 1.173884 0.861309 0.530628 0.353458 0.469469 0.946248 1.069738 1.311584 2.404732 3.468748 4.040920 4.211920 4.274299 4.513772 4.821693 4.904795 4.769833 4.183563 3.578090 2.428456
0.000000 0.048881 0.199422 0.585600 0.811757 0.963615 0.855258 0.482751 0.473856 0.718106 1.118173 1.261944 1.623526 2.699126 3.301267 3.505017 3.666819 3.723633 4.019314 4.007213 3.693017 3.348009 2.602875 1.843236 1.295038
0.000000 0.000000 0.276666 0.429256 0.576185 0.770525 0.619801 0.475928 0.556200 0.731746 1.041168 1.361538 2.064442 2.870631 3.339563 3.604610 3.942720 3.725045 3.195112 2.991323 2.702469 2.207203 1.212225 0.664392 0.434973
0.000000 0.000000 0.125700 0.357988 0.480319 0.564091 0.605654 0.491909 0.411635 0.289214 0.613630 1.064166 1.813206 2.575044 3.212958 3.623152 3.988661 3.706904 2.784246 2.040511 1.670770 1.067971 0.471447 0.172159 0.058463
0.000000 0.000000 0.066144 0.182499 0.156650 0.229725 0.278940 0.065224 0.052615 0.118528 0.190245 0.556556 0.819139 1.232241 2.376715 3.062227 3.448203 2.971925 1.859482 1.072800 0.717450 0.418594 0.300494 0.124748 0.060143
0.000000 0.000000 0.000000 0.000000 0.000000 0.000000 0.000000 0.000000 0.000000 0.054695 0.169649 0.000000 0.210185 0.534596 1.123167 1.812862 2.040495 1.600189 0.841718 0.510539 0.232884 0.180628 0.120844 0.120489 0.111872
0.000000 0.000000 0.000000 0.000000 0.000000 0.000000 0.000000 0.000000 0.000000 0.000000 0.000000 0.000000 0.000000 0.164856 0.353629 0.625632 0.755404 0.430629 0.400713 0.115133 0.049055 0.049983 0.058112 0.111369 0.107914
0.000000 0.000000 0.000000 0.000000 0.000000 0.000000 0.000000 0.000000 0.000000 0.000000 0.000000 0.000000 0.000000 0.000000 0.055155 0.062553 0.113046 0.000000 0.000000 0.000000 0.000000 0.000000 0.000000 0.000000 0.000000
