0.000000 0.000000 0.000000 0.000000 0.000000 0.000000 0.000000 0.000000 0.000000 0.000000 0.000000 0.000000 0.000000 0.060237 0.079500 0.119156 0.000000 0.000000 0.000000 0.000000 0.000000 0.000000 0.000000 0.000000 0.000000 0.000000 0.000000 0.000000 0.000000 0.000000 0.000000 0.000000 0.000000 0.000000 0.000000 0.000000 0.000000 0.000000 0.000000 0.000000
0.000000 0.000000 0.000000 0.000000 0.000000 0.000000 0.000000 0.000000 0.000000 0.000000 0.052224 0.081559 0.097146 0.054512 0.183498 0.241894 0.140021 0.053544 0.000000 0.000000 0.000000 0.000000 0.000000 0.000000 0.000000 0.000000 0.000000 0.000000 0.000000 0.000000 0.000000 0.000000 0.000000 0.000000 0.000000 0.000000 0.000000 0.000000 0.000000 0.000000
0.000000 0.000000 0.000000 0.000000 0.000000 0.000000 0.000000 0.000000 0.000000 0.000000 0.053059 0.138779 0.155545 0.000000 0.132061 0.148184 0.131449 0.116822 0.000000 0.000000 0.000000 0.000000 0.000000 0.000000 0.000000 0.000000 0.000000 0.000000 0.000000 0.000000 0.000000 0.000000 0.000000 0.000000 0.000000 0.000000 0.000000 0.000000 0.000000 0.000000
0.000000 0.000000 0.000000 0.000000 0.000000 0.000000 0.000000 0.000000 0.000000 0.000000 0.111121 0.202042 0.191883 0.000000 0.000000 0.064902 0.150935 0.186843 0.135891 0.000000 0.082921 0.187243 0.213027 0.214353 0.401298 0.176097 0.000000 0.000000 0.000000 0.000000 0.152219 0.194665 0.133206 0.226953 0.000000 0.000000 0.000000 0.000000 0.000000 0.000000
0.000000 0.100626 0.064587 0.071331 0.000000 0.000000 0.000000 0.000000 0.101907 0.121915 0.168374 0.155594 0.180984 0.000000 0.000000 0.157494 0.195885 0.344407 0.513289 0.353658 0.353712 0.427295 0.450290 0.405817 0.485992 0.472341 0.189338 0.069410 0.060192 0.266556 0.414756 0.471840 0.369545 0.288815 0.122114 0.095525 0.133559 0.051108 0.000000 0.000000
0.000000 0.196673 0.251031 0.217807 0.125894 0.174575 0.356491 0.256507 0.304684 0.224943 0.178464 0.224962 0.227698 0.000000 0.000000 0.181254 0.276444 0.647928 0.489393 0.595854 0.747728 0.705374 0.775705 0.681840 0.746516 0.805088 0.472881 0.338381 0.172289 0.465054 0.654654 0.576857 0.538322 0.388001 0.185797 0.164176 0.133405 0.000000 0.000000 0.000000
0.160560 0.347999 0.567538 0.845647 0.927651 1.037229 1.129143 1.160824 1.287868 1.598173 1.845935 1.827173 1.372141 1.318617 1.973125 2.572083 3.100818 2.691522 2.184665 2.550780 2.742795 3.111742 3.162631 3.225522 2.816997 2.591623 2.328378 1.696426 1.445482 1.265293 1.679094 2.128388 1.989411 1.647510 1.268205 0.850980 0.789415 0.475889 0.140469 0.000000
0.067990 0.487220 0.800334 1.453491 1.980396 2.347547 2.101648 1.904972 1.742189 1.749762 2.374135 2.366679 2.421007 2.289402 2.842728 3.016617 3.621226 3.188307 2.314390 2.372187 3.006108 3.823099 3.374845 2.904265 2.388037 2.680644 2.256407 1.776494 1.332115 1.379416 1.782240 1.783392 1.623235 1.464018 1.377678 1.088982 1.040445 0.487651 0.226055 0.066394
0.068059 0.540649 1.000577 1.737487 2.881979 3.243978 2.873385 2.749395 2.385504 2.396669 3.096669 2.540929 2.666444 2.489471 3.261754 3.340976 3.813257 3.791606 2.884351 2.935608 3.612539 3.760585 3.552727 3.347952 2.957079 3.039061 2.667592 2.030346 1.662063 1.684713 1.854071 1.988072 1.651570 1.572196 1.447247 1.143545 1.015190 0.579342 0.316647 0.119187
0.259893 0.547899 0.781421 1.290060 2.293513 3.008708 3.348385 3.668415 3.953127 3.726948 3.301396 2.319297 2.409127 2.668726 3.258529 3.030049 2.881346 3.175770 3.616429 3.754753 3.280863 2.567597 2.425424 2.989250 3.197174 3.143949 2.237691 1.747209 1.874680 1.933939 1.614218 1.343451 1.293337 1.053230 0.951602 0.682027 0.528412 0.420544 0.204062 0.074486
0.000000 0.193071 0.307393 0.572827 0.762181 1.042911 1.249021 1.667690 1.836712 2.047561 1.948969 1.356998 1.164823 1.384849 1.458753 1.071130 1.273481 1.519813 1.612549 1.642140 1.291489 1.175674 1.098987 1.293960 1.462574 1.471383 0.822342 0.810713 0.773598 1.155374 0.890720 0.723303 0.809013 0.667700 0.449598 0.212165 0.064760 0.120770 0.125826 0.000000
0.000000 0.000000 0.076600 0.156036 0.063229 0.099329 0.123642 0.213264 0.332134 0.578912 0.651948 0.648507 0.575479 0.282333 0.237974 0.188098 0.000000 0.000000 0.207185 0.285864 0.328586 0.441441 0.440804 0.509310 0.524208 0.542062 0.144517 0.000000 0.125820 0.130664 0.196713 0.209346 0.339755 0.221658 0.115761 0.106760 0.000000 0.000000 0.000000 0.000000
0.000000 0.000000 0.000000 0.000000 0.000000 0.000000 0.000000 0.000000 0.113305 0.179658 0.231889 0.349715 0.323433 0.175515 0.000000 0.000000 0.000000 0.000000 0.000000 0.000000 0.145312 0.283254 0.055029 0.083567 0.129273 0.073764 0.060654 0.000000 0.000000 0.000000 0.000000 0.072860 0.102495 0.075961 0.000000 0.000000 0.000000 0.000000 0.000000 0.000000
0.000000 0.000000 0.000000 0.000000 0.000000 0.000000 0.000000 0.000000 0.078155 0.091729 0.147524 0.153088 0.080428 0.058264 0.000000 0.000000 0.000000 0.000000 0.000000 0.000000 0.000000 0.000000 0.000000 0.000000 0.000000 0.000000 0.000000 0.000000 0.000000 0.000000 0.000000 0.000000 0.000000 0.000000 0.000000 0.000000 0.000000 0.000000 0.000000 0.000000
0.000000 0.000000 0.000000 0.000000 0.000000 0.000000 0.000000 0.000000 0.000000 0.084508 0.121352 0.064168 0.064891 0.000000 0.000000 0.000000 0.000000 0.000000 0.000000 0.000000 0.000000 0.000000 0.000000 0.000000 0.000000 0.000000 0.000000 0.000000 0.000000 0.000000 0.000000 0.000000 0.000000 0.000000 0.000000 0.000000 0.000000 0.000000 0.000000 0.000000
