0.000000 0.000000 0.000000 0.000000 0.000000 0.000000 0.000000 0.000000 0.000000 0.000000 0.000000 0.000000 0.000000 0.000000 0.000000 0.000000 0.000000 0.000000 0.000000 0.000000 0.000000 0.000000 0.000000 0.000000 0.000000 0.000000 0.000000 0.000000 0.000000 0.000000 0.000000 0.000000 0.000000 0.000000 0.000000 0.000000 0.000000 0.067466 0.179102 0.176637 0.178470 0.049263 0.000000 0.000000 0.000000 0.000000 0.000000 0.000000
0.000000 0.000000 0.000000 0.000000 0.000000 0.000000 0.000000 0.000000 0.000000 0.000000 0.000000 0.000000 0.000000 0.000000 0.000000 0.000000 0.000000 0.000000 0.000000 0.000000 0.000000 0.000000 0.000000 0.000000 0.000000 0.000000 0.000000 0.000000 0.000000 0.116837 0.054388 0.000000 0.000000 0.000000 0.150341 0.236679 0.343774 0.682747 1.690658 2.181115 1.385367 0.986933 0.058657 0.000000 0.000000 0.000000 0.000000 0.000000
0.000000 0.000000 0.000000 0.000000 0.000000 0.000000 0.000000 0.000000 0.000000 0.000000 0.000000 0.000000 0.000000 0.000000 0.000000 0.000000 0.000000 0.100831 0.113851 0.136752 0.360600 0.231062 0.195889 0.109970 0.113115 0.287628 0.275643 0.442836 0.288901 0.862393 0.877808 1.340441 2.058033 2.470578 3.026395 4.063715 4.039210 4.163178 4.233478 4.287242 3.346914 1.425805 0.534957 0.122886 0.000000 0.000000 0.000000 0.000000
0.000000 0.000000 0.000000 0.000000 0.000000 0.000000 0.000000 0.217963 0.657457 0.660036 0.560162 0.230109 0.272371 0.124592 0.114774 0.000000 0.000000 0.108841 0.356790 2.958045 4.148695 4.325558 4.075444 3.819321 3.449897 3.130429 3.501467 3.639450 3.386571 3.196031 4.216037 4.197278 4.593980 4.837301 5.088387 5.617037 5.529527 5.855493 5.811393 5.145916 3.677474 1.385590 0.475245 0.265648 0.107892 0.000000 0.000000 0.000000
0.000000 0.000000 0.000000 0.000000 0.000000 0.127680 0.348803 3.369941 4.688835 4.871516 3.966475 1.158690 0.466097 0.592880 0.316881 0.276613 0.065446 0.615972 2.391666 5.108114 6.772953 7.204397 6.657363 5.620960 4.559813 4.354079 4.803903 4.900325 4.908101 5.368870 5.287749 5.610556 5.919177 6.270096 6.338867 6.574610 6.706836 6.765823 6.558504 5.705281 3.884584 2.126722 0.450559 0.534371 0.282678 0.050344 0.000000 0.000000
0.000000 0.000000 0.000000 0.000000 0.055401 0.120199 0.650408 4.920695 5.657057 6.137009 5.890681 4.501415 3.540511 3.521901 3.380547 3.327830 4.854903 5.532595 6.071615 7.013792 8.239498 8.402623 7.772724 6.623089 5.087444 4.430636 4.426902 4.597098 5.194210 5.224073 5.378456 5.614946 5.906952 5.849935 5.933757 6.087199 6.414608 6.627833 6.543161 6.022402 4.460809 3.201288 2.048777 1.510173 0.518278 0.349765 0.262640 0.089800
0.000000 0.000000 0.000000 0.056718 0.315603 0.274969 4.952691 6.583656 6.520939 6.700152 6.894573 6.340693 5.350721 5.146529 5.185804 5.833122 7.202402 7.713900 8.074699 8.415493 8.482842 7.549893 6.583458 5.157441 4.347403 3.507129 3.338351 3.302866 3.388746 4.188056 4.305278 4.000693 4.075205 4.215505 4.463054 4.923679 5.627975 6.123670 6.371235 5.998873 5.400597 4.661364 3.136156 2.030344 0.932241 0.547117 0.340596 0.085744
0.000000 0.000000 0.120136 0.370510 1.260563 1.377186 4.643893 5.859426 6.047066 5.943476 6.504290 6.440800 6.211835 6.341072 6.582434 7.216286 7.865480 8.025848 8.070028 8.239112 7.986841 5.611997 4.468149 2.830576 1.732932 1.215093 0.871917 1.067330 1.830210 2.822249 2.592663 1.636454 1.855894 1.475568 2.051115 2.386424 4.362524 5.003418 5.684467 5.768637 5.217924 4.464427 3.172381 2.007070 0.770367 0.554377 0.245026 0.051071
0.131711 0.138543 0.185185 0.593860 2.150991 2.496129 4.322844 4.544902 4.372078 4.562619 5.793911 5.908906 6.142546 7.258676 8.006568 8.324144 7.854646 7.394561 7.291220 7.037644 6.060402 4.550493 2.565231 1.410774 0.504429 0.496454 0.553648 0.988815 1.258260 1.513224 1.787517 0.800859 0.519954 0.322384 0.292966 0.554159 1.248163 3.652485 4.549157 4.862189 4.015697 3.510009 2.334846 1.868071 0.840081 0.252846 0.064904 0.000000
0.313756 0.263376 1.177731 1.196374 0.169605 1.240994 1.017607 0.931561 0.875433 1.303162 2.907088 5.351225 6.267891 7.434004 8.319685 8.686094 7.945352 6.958653 6.257473 5.071548 3.444215 2.440224 1.874626 0.986317 0.361664 0.223571 0.124053 0.647305 0.771946 0.720477 0.981683 1.313640 2.092783 1.038883 0.174525 0.214058 0.284046 1.042939 2.069962 2.170362 2.099918 0.655864 0.418447 0.424770 0.265183 0.060045 0.000000 0.000000
0.336258 0.511251 0.860064 0.260297 0.055528 0.000000 0.054767 0.297886 0.973034 1.502750 3.532066 5.438571 6.423723 6.996583 7.546140 7.929069 6.594673 5.376156 4.080239 2.695482 1.084702 0.662763 0.595046 0.360775 0.180295 0.065353 0.105448 0.338150 1.038492 1.512895 2.522514 2.289564 2.441812 1.188925 0.104042 0.000000 0.052348 0.182736 0.405870 0.572608 0.531503 0.230830 0.163098 0.114953 0.049853 0.000000 0.000000 0.000000
0.127307 0.172864 0.239462 0.177795 0.061315 0.000000 0.172192 0.504443 2.489502 3.774543 4.571207 5.787722 6.595878 6.670141 6.567553 6.450311 4.530077 3.777819 2.577553 1.550576 0.432910 0.344838 0.112917 0.049334 0.000000 0.062892 0.224044 0.621629 1.495914 2.109735 2.796486 2.465498 1.892590 0.769499 0.107198 0.000000 0.000000 0.000000 0.050901 0.179245 0.080613 0.062886 0.000000 0.000000 0.000000 0.000000 0.000000 0.000000
0.000000 0.000000 0.000000 0.000000 0.000000 0.111935 0.630942 1.480018 3.835530 5.315403 5.894463 5.472133 5.643480 5.414461 5.307852 4.957896 4.227832 3.452935 2.578790 1.869350 0.672570 0.458843 0.273137 0.053257 0.055584 0.178239 0.299371 0.607576 1.082962 1.742116 1.997031 1.754189 0.861977 0.264634 0.000000 0.000000 0.000000 0.000000 0.000000 0.124339 0.076423 0.053731 0.000000 0.000000 0.000000 0.000000 0.000000 0.000000
0.000000 0.000000 0.000000 0.000000 0.000000 0.172516 2.253869 5.144348 5.566079 5.241246 5.112070 3.815598 3.579265 3.853754 4.050131 3.933934 4.596666 4.552849 4.031780 3.047601 2.138614 1.278663 0.893177 0.287972 0.074386 0.255107 0.307084 0.484127 0.711737 0.829014 0.423179 0.256662 0.101669 0.000000 0.000000 0.000000 0.000000 0.000000 0.000000 0.000000 0.000000 0.000000 0.000000 0.000000 0.000000 0.000000 0.000000 0.000000
0.000000 0.000000 0.000000 0.000000 0.161775 0.188742 3.805375 5.816080 5.353868 4.678333 2.576012 1.635794 2.423146 2.897417 2.991244 3.327037 4.304148 5.201807 5.252345 4.325782 3.101531 2.232508 1.427038 0.420502 0.106772 0.168553 0.062712 0.000000 0.057625 0.118952 0.000000 0.000000 0.000000 0.000000 0.000000 0.000000 0.000000 0.000000 0.000000 0.000000 0.000000 0.000000 0.000000 0.000000 0.000000 0.000000 0.000000 0.000000
0.000000 0.000000 0.000000 0.051544 0.463611 0.756383 5.513265 6.233624 5.764930 4.466469 0.590200 0.447703 0.692128 1.137719 1.978948 2.540252 3.690000 4.974782 5.398764 4.695351 3.636051 2.404754 1.599625 0.420283 0.000000 0.000000 0.000000 0.000000 0.000000 0.000000 0.000000 0.000000 0.000000 0.000000 0.000000 0.000000 0.000000 0.000000 0.000000 0.000000 0.000000 0.000000 0.000000 0.000000 0.000000 0.000000 0.000000 0.000000
0.000000 0.000000 0.000000 0.107148 0.550059 5.523099 6.523881 6.964853 6.325598 3.845294 0.271679 0.057804 0.000000 0.114859 0.399015 0.499807 2.195538 4.360212 4.808839 4.233696 2.969020 2.049005 1.494334 0.227219 0.000000 0.000000 0.000000 0.000000 0.000000 0.000000 0.000000 0.000000 0.000000 0.000000 0.000000 0.000000 0.000000 0.000000 0.000000 0.000000 0.000000 0.000000 0.000000 0.000000 0.000000 0.000000 0.000000 0.000000
0.000000 0.000000 0.062296 0.424078 4.069541 6.657666 7.486698 7.503948 6.164944 0.814179 0.111419 0.000000 0.000000 0.000000 0.000000 0.187730 0.242620 0.772457 1.592039 1.137760 0.502836 0.669072 0.403042 0.000000 0.000000 0.000000 0.000000 0.000000 0.000000 0.000000 0.000000 0.000000 0.000000 0.000000 0.000000 0.000000 0.000000 0.000000 0.000000 0.000000 0.000000 0.000000 0.000000 0.000000 0.000000 0.000000 0.000000 0.000000
0.000000 0.000000 0.109567 0.220423 5.049355 7.033332 7.721157 7.071304 5.565805 0.231042 0.049585 0.000000 0.000000 0.000000 0.000000 0.000000 0.000000 0.050677 0.052448 0.000000 0.000000 0.000000 0.000000 0.000000 0.000000 0.000000 0.000000 0.000000 0.000000 0.000000 0.000000 0.000000 0.000000 0.000000 0.000000 0.000000 0.000000 0.000000 0.000000 0.000000 0.000000 0.000000 0.000000 0.000000 0.000000 0.000000 0.000000 0.000000
0.000000 0.000000 0.000000 0.107838 0.446448 6.115779 6.290805 6.400933 0.556197 0.053893 0.000000 0.000000 0.000000 0.000000 0.000000 0.000000 0.000000 0.000000 0.000000 0.000000 0.000000 0.000000 0.000000 0.000000 0.000000 0.000000 0.000000 0.000000 0.000000 0.000000 0.000000 0.000000 0.000000 0.000000 0.000000 0.000000 0.000000 0.000000 0.000000 0.000000 0.000000 0.000000 0.000000 0.000000 0.000000 0.000000 0.000000 0.000000
0.000000 0.000000 0.000000 0.000000 0.330645 0.274105 0.269742 0.130654 0.231853 0.052824 0.000000 0.000000 0.000000 0.000000 0.000000 0.000000 0.000000 0.000000 0.000000 0.000000 0.000000 0.000000 0.000000 0.000000 0.000000 0.000000 0.000000 0.000000 0.000000 0.000000 0.000000 0.000000 0.000000 0.000000 0.000000 0.000000 0.000000 0.000000 0.000000 0.000000 0.000000 0.000000 0.000000 0.000000 0.000000 0.000000 0.000000 0.000000
