-0.005898
0.018536
0.032439
0.036767
0.001696
0.000511
0.003941
0.036786
-0.011689
-0.005841
0.004967
0.034634
0.049144
0.067867
0.034510
-0.016957
-0.017022
-0.020674
-0.049382
-0.031247
-0.011852
-0.020028
-0.051786
-0.025693
-0.037126
-0.022867
0.022085
-0.051258
-0.046111
0.001367
0.060987
0.061972
0.038754
0.071499
0.054692
0.067526
0.071217
0.057155
0.067262
0.111082
0.114902
0.089922
0.087822
0.044562
0.117019
0.131636
0.052233
0.060421
0.053682
0.075827
0.046446
0.067929
0.138303
0.084842
0.058740
