-0.000301
-0.002283
0.000350
0.038975
0.015049
0.007896
0.020748
-0.021446
-0.006727
-0.022215
-0.014448
-0.041488
-0.026918
-0.004794
0.027500
-0.017556
-0.026472
-0.025011
-0.048795
-0.006960
0.044869
0.010633
0.010036
0.010785
0.012205
0.003032
-0.015866
-0.002141
0.005115
-0.009726
-0.023623
-0.021300
0.011318
-0.025378
0.014215
-0.033731
-0.045064
-0.008503
0.029808
-0.000060
-0.037954
0.015175
-0.013824
0.024291
-0.019757
-0.008514
0.010612
0.011105
-0.002052
-0.018526
-0.028598
-0.023269
0.006792
-0.021561
-0.031438
0.009673
0.041189
0.011096
0.012546
-0.012224
-0.020783
-0.012205
0.030534
-0.022993
0.040076
-0.006970
0.007665
-0.007301
-0.027575
-0.010121
0.028349
-0.007233
0.044239
0.001149
-0.007987
0.007882
0.001890
0.025920
0.043993
0.008711
0.002122
-0.018837
0.037719
-0.004138
0.031617
0.007100
0.005677
-0.010456
0.037785
-0.002131
-0.010531
0.036395
0.044912
-0.031140
-0.006442
0.020420
-0.008128
-0.033844
0.018000
0.006669
0.021680
0.028235
-0.020091
-0.005668
0.034973
-0.002930
0.005336
-0.014443
0.026636
-0.002195
0.007700
-0.005578
0.011614
0.022771
0.025486
0.000443
-0.013253
-0.036116
-0.012077
-0.017677
-0.011130
-0.019675
0.005889
-0.005777
0.041210
0.008042
0.004779
0.013769
-0.011964
0.007464
-0.007533
0.018655
0.027932
0.015535
-0.008670
0.013023
0.028760
0.020358
0.022664
0.064991
0.010972
-0.015741
0.024276
0.038163
0.050144
0.057969
0.001798
0.061198
0.058137
0.064042
0.028708
0.066177
0.035277
0.026586
0.041884
0.068940
