0.042236
0.008242
0.018106
-0.013784
-0.011078
-0.028784
-0.058770
-0.004198
-0.047858
-0.034322
0.040089
-0.009760
-0.026034
0.044880
-0.073523
0.019438
0.019349
-0.018569
-0.003610
0.005089
0.009020
-0.073878
-0.000595
-0.000667
0.030721
-0.009676
-0.023744
-0.067850
0.030450
0.038884
0.004134
-0.020176
0.000596
-0.017155
-0.027883
-0.002369
-0.003270
-0.004575
-0.059838
-0.035190
0.014909
-0.016791
0.000313
0.063927
-0.042276
-0.069052
-0.042174
-0.100492
-0.033776
0.082442
0.071290
0.019024
-0.005543
-0.003255
0.058813
-0.031524
-0.000503
0.031765
0.047234
-0.053819
-0.064420
-0.003538
-0.020044
-0.023080
0.040041
0.010429
0.007058
-0.026733
0.000014
0.056636
0.022114
0.019018
0.070886
0.003029
-0.031418
-0.059988
-0.023883
0.012133
-0.004423
0.026244
0.021603
0.015847
0.024702
-0.005769
-0.021470
0.003330
-0.043147
-0.030250
-0.024671
0.013481
-0.014311
0.007702
0.030575
0.005054
0.054963
-0.034464
0.027311
0.012344
-0.033571
-0.040994
-0.004811
-0.005898
0.018536
0.032439
0.036767
0.001696
0.000511
0.003941
0.036786
-0.011689
-0.005841
0.004967
0.034634
0.049144
0.067867
0.034510
-0.016957
-0.017022
-0.020674
-0.049382
-0.031247
-0.011852
-0.020028
-0.051786
-0.025693
-0.037126
-0.022867
0.022085
-0.051258
-0.046111
0.001367
0.060987
0.061972
0.038754
0.071499
0.054692
0.067526
0.071217
0.057155
0.067262
0.111082
0.114902
0.089922
0.087822
0.044562
0.117019
0.131636
0.052233
0.060421
0.053682
0.075827
0.046446
0.067929
0.138303
0.084842
0.058740
