0.008297
0.026372
0.020570
0.003372
0.006921
0.030448
-0.018720
0.039299
0.063316
-0.008269
0.026953
0.006982
-0.027933
0.018672
0.050470
0.043583
-0.008568
-0.008130
-0.025133
-0.016434
0.002051
-0.034722
0.007671
-0.036610
-0.037359
-0.024142
-0.021342
0.002241
0.006980
-0.029762
0.007406
-0.004646
-0.014548
-0.027301
-0.006470
-0.004130
-0.022605
-0.001143
0.008834
-0.013696
0.015338
0.029581
0.004418
0.004383
-0.019594
-0.039398
0.005496
0.051725
-0.042592
-0.044073
0.009328
0.024726
0.024822
0.036176
0.044824
0.014010
-0.011947
-0.073345
0.000735
-0.008904
0.010901
0.000539
-0.061277
-0.006607
-0.036409
-0.021142
0.012415
0.027134
0.041340
-0.032456
0.014342
0.000874
0.021275
-0.012847
0.019918
0.023391
-0.022642
-0.009552
0.030548
-0.029507
0.011182
0.004432
0.032660
-0.013477
-0.006194
-0.011744
0.026588
-0.010430
-0.018852
0.013707
-0.027707
0.011088
-0.003597
0.012606
0.022227
0.027158
-0.002291
0.002927
0.012906
0.028921
0.006258
0.010009
0.025151
-0.014768
-0.004965
0.002357
0.021843
0.030797
0.008900
-0.019687
-0.032198
-0.021364
-0.012271
-0.026048
-0.000887
0.004348
-0.017739
-0.003133
-0.034177
-0.006383
-0.023361
-0.010959
0.000758
0.005704
0.010630
-0.014782
0.038262
0.071427
0.053172
0.078198
0.066421
0.104822
0.078687
0.177245
0.156166
0.182645
0.210911
0.230247
0.271510
0.258504
0.287668
0.320050
0.365465
0.360254
0.358774
0.414967
0.424480
0.393872
0.403111
0.352342
0.368456
0.375574
0.325023
0.318524
0.349751
0.294197
