0.021284
0.057019
-0.062656
-0.062903
-0.036203
-0.024280
0.008923
-0.008773
-0.006176
-0.051674
-0.008829
-0.024352
-0.033251
-0.075379
0.010407
-0.041550
0.007714
-0.070633
0.006401
-0.005601
0.074728
0.053592
-0.022435
-0.008191
-0.006572
-0.053053
-0.042814
-0.060722
-0.034275
-0.026306
-0.011137
-0.016017
-0.021051
0.050022
0.026993
-0.036857
-0.076039
-0.020653
0.040939
-0.002669
-0.048603
-0.019733
-0.007632
-0.029061
-0.010923
0.024375
-0.006543
0.008660
0.013885
0.018244
0.054720
-0.018615
-0.019558
-0.081525
0.027018
0.035975
0.039970
0.057902
-0.042236
0.002553
0.054623
-0.049503
0.043331
0.002783
-0.050109
-0.007927
0.016266
-0.041178
0.026033
-0.011339
-0.030287
0.022270
0.010013
-0.028217
0.032268
0.023640
0.116724
0.035856
0.023604
0.046178
-0.026905
0.019495
-0.002193
0.033015
0.011111
-0.009948
-0.044865
0.053236
0.041629
0.037549
0.030198
0.005492
-0.051831
0.053338
-0.026058
-0.022057
-0.016486
0.016592
-0.028704
0.083728
0.005498
0.015714
0.047331
0.076677
-0.010982
-0.024166
0.030179
0.053625
-0.013633
-0.004155
0.038589
0.026870
0.042237
0.010671
0.043275
-0.073935
-0.021599
-0.048710
0.026051
0.039681
0.026284
0.021432
0.017690
0.040743
0.027662
0.041177
0.002415
0.046062
-0.000661
0.048616
-0.055474
-0.050350
0.028139
-0.012113
0.028458
0.024882
0.013761
0.009482
0.004573
-0.022707
-0.001074
0.005659
-0.036613
0.015458
0.001064
-0.020873
0.010001
0.006847
0.043902
0.067470
0.001683
0.000999
0.031315
-0.015300
-0.065242
-0.046289
0.045703
