0.042191
0.028567
0.000985
-0.003106
0.032836
0.017439
-0.014156
-0.023216
0.026747
0.019560
0.006542
-0.011686
-0.009269
0.026219
0.025620
0.000002
0.004724
-0.003887
-0.000117
-0.008492
0.008250
0.008154
0.007608
0.054876
0.033480
0.012498
0.039724
-0.017481
-0.010157
0.029354
0.004958
-0.010094
0.005495
-0.003379
0.006829
-0.052945
-0.002623
-0.002962
-0.001253
-0.035684
-0.013974
0.014072
-0.031889
-0.013651
-0.027862
-0.019904
0.013492
0.017204
-0.001742
0.006517
0.009664
0.002083
-0.021629
-0.002701
0.018570
-0.014825
-0.026623
-0.003799
-0.004785
0.001171
0.013615
-0.008092
-0.006813
0.002611
-0.025897
-0.018393
-0.016275
-0.014113
0.005208
0.003100
0.024035
0.040699
0.003127
0.003138
-0.019690
-0.028272
0.002629
0.016696
0.011915
0.016574
0.008988
0.011648
0.030728
0.017478
0.008882
0.017948
0.032854
0.022308
0.034885
0.027363
0.027017
0.015147
0.014824
-0.022193
-0.011479
0.022779
0.044108
0.054783
0.033854
0.006547
0.032039
0.026792
0.056223
0.032174
0.032951
0.000347
0.021447
0.029252
0.080747
0.061871
0.031807
0.056312
0.095313
0.093885
0.106768
0.123498
0.132176
0.184531
0.258716
0.302862
0.317246
0.386421
0.412920
0.489379
0.573790
0.651153
0.663892
0.746419
0.814799
0.947550
1.022749
1.033769
1.030822
1.054539
1.049258
1.027566
1.029107
0.981263
0.944858
0.897667
0.815064
0.718352
0.615450
0.562423
0.507219
0.478287
0.464049
0.421897
0.336640
0.293051
0.246181
0.189387
0.185096
0.178041
0.165861
0.110340
