0.019049
-0.009365
-0.017924
0.013659
-0.006280
0.000140
0.026810
0.003832
-0.032142
-0.027506
0.036148
-0.004754
0.004846
0.006644
0.037171
0.021057
0.040058
0.053558
0.014711
0.062621
0.020194
0.068805
0.100750
0.120724
0.152824
0.157984
0.124733
0.161019
0.134445
0.184840
0.224088
0.268583
0.311491
0.353193
0.309161
0.308492
0.334481
0.333666
0.325094
0.353385
0.346238
0.388162
0.389872
0.391166
0.407725
0.376900
0.380971
0.390432
0.371431
0.356440
0.343879
0.326708
0.345145
0.272443
0.288971
0.294567
0.240480
0.207414
0.163686
0.198700
0.181854
0.165871
