-0.002453
-0.005702
-0.021364
-0.009876
-0.005573
0.011369
-0.007723
-0.005737
-0.020453
-0.015204
-0.003278
0.003262
0.005356
-0.007606
0.021915
-0.001530
-0.002532
-0.020862
0.007032
-0.022102
-0.007063
-0.012471
0.017906
0.002967
-0.017773
-0.009814
-0.000790
0.009047
-0.006323
0.002550
0.000714
-0.012813
0.006722
-0.002501
-0.001782
0.001784
0.002283
0.000301
-0.007237
-0.000182
0.007170
-0.000127
-0.000970
0.002771
-0.000423
-0.022485
-0.014154
-0.011437
0.008082
0.008796
-0.001175
0.005413
0.016830
-0.021219
-0.006019
0.007335
0.000725
-0.015906
-0.010627
0.001282
-0.000750
0.014304
0.016075
0.013759
0.009575
0.008095
-0.003675
0.003677
0.005807
-0.000093
-0.002518
0.000286
0.013087
0.011025
0.016194
0.007902
-0.006122
-0.012563
0.006739
0.023748
-0.005149
-0.018298
0.009014
-0.002089
0.004812
-0.018954
-0.002054
-0.009985
-0.004514
0.006480
0.021419
-0.015725
-0.000083
0.010459
0.013645
0.000139
0.006309
0.004505
0.003184
-0.021119
-0.002659
-0.005659
-0.005951
-0.000206
-0.020534
0.015609
0.018451
0.001071
0.011692
0.006789
0.007622
0.009164
0.011572
-0.001746
0.006915
0.003286
0.005023
0.009031
-0.011497
-0.002669
-0.012605
-0.002449
-0.012788
-0.011658
0.002031
-0.001240
-0.009330
0.020246
0.010382
-0.000230
0.019947
0.022056
-0.003306
0.022322
-0.003212
0.014037
0.017777
0.028261
0.021950
0.022368
0.021236
0.074543
0.079360
0.090371
0.098123
0.121238
0.133157
0.164665
0.203578
0.236658
0.295489
0.350570
0.382596
0.396972
0.449836
0.475350
