0.106053
0.011260
0.051970
0.020585
0.044699
0.003999
0.085374
0.067410
0.079877
0.035971
-0.030495
0.033087
-0.000137
0.009522
0.032370
0.022034
-0.025220
0.007626
-0.002452
0.029389
0.071594
-0.066790
0.051991
0.054098
0.051258
-0.001583
-0.015624
0.012500
0.042749
0.052084
0.024709
-0.014265
-0.109426
0.025550
0.063531
-0.015501
-0.021934
0.035297
0.021201
0.005409
0.051548
0.011694
-0.000777
-0.009236
-0.024580
0.028818
0.069127
0.025082
0.036661
0.018449
0.018297
-0.001008
0.021101
0.022015
0.097373
0.045733
-0.003601
0.089944
-0.001051
0.032002
0.119360
