-0.048890
-0.039087
0.009156
-0.027544
-0.043916
0.000476
-0.026251
-0.019720
0.027018
0.064235
-0.002767
-0.038251
-0.069808
-0.035902
0.046823
0.020769
-0.024296
-0.011021
-0.029686
0.007228
0.048373
0.028629
0.023134
-0.025165
-0.061418
0.002477
0.029457
0.049933
0.045178
-0.007937
0.002026
0.002804
-0.014156
-0.003503
-0.018027
-0.005565
0.022891
-0.005294
-0.002815
0.021881
0.036046
0.043123
0.025221
-0.019662
0.028681
0.015052
0.040412
-0.039649
-0.042568
0.023614
-0.043243
-0.023982
0.021263
0.023181
-0.002095
-0.005932
0.015420
0.021441
-0.010494
0.043844
0.015527
0.027158
0.003229
0.019506
-0.016733
0.007616
-0.013070
0.000279
-0.008489
-0.027620
0.013660
0.014324
0.019233
-0.050506
-0.029391
0.032009
0.001539
0.003148
0.005981
0.036706
-0.022361
0.009834
-0.026227
0.022855
0.038294
0.054677
0.007813
0.008806
-0.014344
-0.006496
-0.013675
0.017967
0.020316
0.057725
0.019049
-0.009365
-0.017924
0.013659
-0.006280
0.000140
0.026810
0.003832
-0.032142
-0.027506
0.036148
-0.004754
0.004846
0.006644
0.037171
0.021057
0.040058
0.053558
0.014711
0.062621
0.020194
0.068805
0.100750
0.120724
0.152824
0.157984
0.124733
0.161019
0.134445
0.184840
0.224088
0.268583
0.311491
0.353193
0.309161
0.308492
0.334481
0.333666
0.325094
0.353385
0.346238
0.388162
0.389872
0.391166
0.407725
0.376900
0.380971
0.390432
0.371431
0.356440
0.343879
0.326708
0.345145
0.272443
0.288971
0.294567
0.240480
0.207414
0.163686
0.198700
0.181854
0.165871
