-0.045704
-0.007225
-0.043777
0.013059
-0.015801
0.000299
0.003868
-0.024688
-0.002228
0.049898
-0.018330
0.062803
0.025243
-0.026922
-0.025390
0.013507
-0.040381
0.021391
-0.018150
0.000465
0.019368
0.020461
-0.024593
-0.004667
0.025264
-0.034444
-0.009192
0.051817
-0.007709
0.018631
-0.005298
0.001728
-0.056678
-0.005452
0.030417
-0.001577
0.014271
-0.028479
0.012054
0.034552
-0.008143
-0.015994
-0.011236
0.001655
0.014830
0.065713
-0.018969
-0.000737
0.002160
0.019959
-0.009257
0.004669
-0.020833
0.022701
0.008989
0.032451
0.018816
-0.004630
-0.027348
-0.021943
0.032414
0.007219
0.001296
-0.011466
-0.028957
0.040172
0.008271
0.021850
0.007813
-0.016958
0.006282
0.025574
0.020295
0.013221
0.041026
0.021372
-0.010497
-0.012224
-0.001934
-0.006204
-0.015646
0.013004
-0.015908
-0.022730
-0.022520
-0.028515
0.013730
0.009369
0.006114
0.019625
0.039567
0.001316
-0.017325
0.032246
-0.019602
-0.042367
0.002873
0.027232
0.022091
-0.033767
-0.013007
0.003320
-0.042083
-0.039398
-0.003020
-0.046634
-0.029662
0.000379
0.014855
0.005891
-0.006369
-0.022152
0.008516
-0.005682
-0.011358
-0.036697
0.016344
0.009750
-0.015835
0.001591
0.023334
-0.022197
-0.005918
0.007017
0.034308
0.037443
0.024773
-0.024265
-0.017258
-0.007367
0.024317
0.024116
0.019383
-0.001686
0.004653
-0.025858
0.052534
0.062269
0.035946
0.020689
0.000489
0.006702
0.036009
0.076738
0.066330
0.078984
0.172261
0.223867
0.307398
0.329155
0.314806
0.294520
0.250093
0.165867
0.105120
0.085926
