0.001522
-0.001157
-0.006216
-0.003873
-0.005788
-0.011753
-0.008039
-0.006310
0.010169
-0.005093
0.000681
-0.005766
-0.005343
-0.003364
-0.003778
-0.007693
0.003061
0.000051
-0.009993
-0.009510
-0.015151
0.007396
-0.010007
-0.005815
-0.004801
-0.020497
-0.023519
0.011071
0.011318
-0.003402
-0.006494
-0.001476
0.018367
-0.012085
-0.007836
0.001021
0.008874
0.022906
-0.012409
-0.014211
-0.001354
0.010108
0.011041
0.005925
-0.006596
-0.004042
0.008530
-0.002863
-0.008171
-0.008622
0.002591
-0.004356
-0.008746
0.007659
0.015368
0.010849
-0.000232
0.006836
-0.014378
0.024710
0.002975
0.018524
-0.004446
0.002037
0.012227
-0.004621
-0.003932
0.011138
-0.016818
-0.003253
-0.001450
-0.000412
0.011256
0.005522
0.004600
0.002563
0.005832
0.000334
0.014738
0.002792
0.018104
0.011634
-0.001739
0.001271
-0.008396
-0.001448
-0.013105
-0.000973
0.013304
0.004729
0.003478
-0.007003
-0.028088
-0.003182
0.000934
0.000781
0.006655
0.007137
-0.017263
-0.003837
-0.001096
0.004511
-0.002713
-0.010481
0.002254
0.003843
0.005362
-0.010877
0.004554
-0.017325
-0.017038
0.000963
-0.007358
-0.007489
-0.016107
-0.012223
0.009904
0.004713
0.004845
-0.010159
0.001871
-0.005980
-0.004523
0.001366
-0.003403
-0.015230
-0.006286
0.004387
-0.000130
-0.016383
0.012279
0.001698
0.007489
-0.005887
0.008134
0.015280
0.019361
0.014251
0.015873
0.003635
-0.005370
0.014542
0.020715
0.005420
0.010584
0.032992
0.025419
0.002454
0.013118
0.012303
0.024140
0.025920
0.022513
0.023118
0.046827
0.076259
