-0.013156
0.035292
-0.007269
-0.011687
0.018667
0.009000
-0.056782
0.044815
0.068594
0.012299
0.018125
-0.036858
-0.007287
-0.013548
-0.029378
-0.059861
-0.049313
0.008513
0.008723
0.032954
0.057781
0.026372
0.030605
-0.020228
-0.036933
-0.031270
-0.039097
0.015119
0.045497
-0.015635
-0.004666
0.000578
0.042609
0.020763
0.021454
0.038967
0.011705
-0.025481
-0.017534
-0.111960
-0.016886
-0.026507
-0.030948
0.014057
0.023975
-0.002107
0.017476
-0.016256
-0.017015
0.031284
0.024730
-0.054106
-0.015398
-0.044960
-0.008343
0.040534
0.003204
0.050492
0.052709
0.004499
0.013223
0.001757
0.023077
0.026974
0.001105
0.015589
0.003888
-0.019557
-0.069255
-0.026450
-0.009713
-0.029411
0.008311
-0.026088
0.006179
-0.035181
0.037893
-0.002819
-0.013185
0.029901
-0.010103
-0.005384
0.000623
0.006251
0.000652
0.008511
0.001420
-0.007299
0.004626
0.012805
-0.015858
0.034520
0.002853
-0.003242
-0.043099
0.019671
-0.074858
-0.038227
0.020400
0.032065
-0.000705
-0.054337
0.078795
0.035503
0.039614
0.057982
-0.058189
-0.026015
-0.037228
-0.036985
-0.021072
0.007431
-0.061299
-0.037525
0.008150
0.016052
0.020350
0.006843
-0.006728
-0.031471
0.048068
0.038931
0.030639
-0.010234
0.005831
0.009137
0.035476
-0.018073
0.017619
0.008300
0.017828
0.033940
-0.022816
0.003808
-0.036727
0.032524
0.030160
0.015562
0.052065
0.007627
0.011521
0.092793
0.084778
-0.038569
0.044609
0.044438
0.050974
0.016235
0.030628
0.040798
-0.006330
0.100532
0.050854
0.068505
0.096687
0.032765
