-0.004834
0.007001
0.020297
-0.016523
-0.005794
0.003505
0.023695
0.026015
0.006846
0.037009
0.056566
0.016952
-0.005323
0.026859
0.048597
0.010468
-0.005954
0.004980
0.021615
0.003236
0.024577
-0.013756
0.042188
-0.004055
0.016884
0.033968
0.037440
-0.013933
0.010221
-0.015156
-0.064083
-0.026164
0.019413
0.023088
0.022489
0.014683
0.029546
0.043449
0.024809
0.047800
0.049392
0.027585
0.014008
-0.013405
-0.003122
0.043462
0.020451
0.004762
0.008422
0.028175
-0.033640
-0.045977
-0.010663
-0.011809
-0.023590
0.014687
0.013754
-0.034249
0.003620
-0.013308
-0.029266
0.007468
0.035473
0.009626
-0.013779
-0.042101
-0.002780
0.009470
-0.004154
-0.040236
-0.018697
-0.031750
-0.013588
-0.001798
0.016916
0.062927
0.011263
-0.033325
-0.007667
-0.010272
-0.067565
-0.028275
0.009502
-0.024750
-0.021089
0.019243
0.036178
-0.016696
-0.002365
-0.039615
-0.024793
0.015141
-0.006159
-0.001699
-0.044279
0.012096
0.021181
0.026818
0.023387
0.005340
0.009722
-0.026484
-0.015479
0.026552
0.014817
-0.006225
-0.012855
0.030236
0.012601
-0.006901
-0.043229
0.015346
-0.017995
0.020167
0.025640
0.006272
0.028372
-0.012895
0.014097
0.014131
0.028274
-0.001113
0.030963
0.019098
-0.014810
-0.013780
0.023654
-0.009863
-0.017565
-0.010839
-0.029044
-0.002283
-0.013964
-0.024983
-0.023228
-0.039009
0.000175
0.031022
0.047640
0.015006
0.025295
0.036353
0.077488
0.069535
0.114163
0.124313
0.187072
0.213446
0.243979
0.249209
0.280386
0.300263
0.332732
0.351932
0.341556
0.425961
