0.041551
-0.015164
0.007070
-0.033423
0.000714
-0.023502
-0.024454
0.028223
-0.011099
0.017202
-0.027293
0.023769
0.015865
-0.015417
0.020929
0.013767
-0.009711
-0.014138
0.021342
0.001579
-0.012146
-0.028986
0.006202
-0.009744
-0.026952
-0.039264
0.022973
0.016136
-0.013985
-0.023030
0.022080
-0.038341
-0.010169
-0.029939
-0.011479
-0.003496
0.029473
-0.047320
-0.023545
-0.030359
0.032097
0.021451
0.026611
0.017944
-0.055031
0.000248
-0.074379
0.032115
-0.034824
-0.007994
-0.033234
0.037559
0.009477
0.066864
-0.026909
-0.006196
-0.025062
-0.018925
0.030907
0.020297
0.024609
0.009512
-0.004978
0.063275
-0.011264
-0.008577
0.011341
0.035796
0.001584
-0.005531
0.011901
0.016803
-0.022065
-0.016200
0.016745
0.008360
0.024213
-0.004745
0.013387
0.000794
0.053413
0.018592
0.008273
-0.025190
0.034016
0.033309
0.057564
-0.004063
-0.001208
0.026585
-0.006669
0.033634
0.024006
0.038592
0.037857
0.025119
0.011208
-0.004752
-0.004599
-0.004299
-0.029201
0.007773
0.042325
-0.012290
-0.064360
-0.027523
0.039745
-0.029207
0.019481
0.027179
0.060350
0.009792
-0.030528
0.009721
-0.014386
-0.015451
-0.020940
0.018539
-0.027244
-0.023547
0.000152
-0.025481
0.009224
-0.001375
0.024839
-0.018362
0.044503
0.055332
0.077775
0.071382
0.058918
0.080831
0.116709
0.124637
0.174003
0.188547
0.199649
0.271884
0.304948
0.273490
0.276197
0.343197
0.377762
0.326627
0.292390
0.310735
0.311854
0.315521
0.303035
0.288614
0.262183
0.240748
0.213434
0.187051
0.178423
0.154613
