0.022779
0.044108
0.054783
0.033854
0.006547
0.032039
0.026792
0.056223
0.032174
0.032951
0.000347
0.021447
0.029252
0.080747
0.061871
0.031807
0.056312
0.095313
0.093885
0.106768
0.123498
0.132176
0.184531
0.258716
0.302862
0.317246
0.386421
0.412920
0.489379
0.573790
0.651153
0.663892
0.746419
0.814799
0.947550
1.022749
1.033769
1.030822
1.054539
1.049258
1.027566
1.029107
0.981263
0.944858
0.897667
0.815064
0.718352
0.615450
0.562423
0.507219
0.478287
0.464049
0.421897
0.336640
0.293051
0.246181
0.189387
0.185096
0.178041
0.165861
0.110340
