0.001028
-0.014447
-0.008140
-0.025276
0.048265
-0.005634
-0.058362
-0.005632
0.049970
-0.031651
-0.014720
-0.041987
0.042396
-0.017440
-0.007364
-0.020822
-0.055550
0.012812
-0.011087
0.012909
-0.001828
-0.007455
0.007515
-0.014496
0.025666
-0.004639
0.064348
-0.062178
-0.046367
-0.006553
0.006702
0.006977
-0.053408
-0.059065
-0.024243
-0.031414
-0.028813
0.049618
-0.004822
-0.011741
-0.060155
0.027204
0.030081
0.039439
0.079955
-0.029037
0.021300
0.013479
-0.028034
-0.037415
0.049087
-0.032184
-0.061444
0.005501
0.002320
0.017479
0.017312
0.023464
-0.007730
0.005950
-0.013009
-0.012756
-0.032216
-0.046793
0.008687
-0.007353
-0.029733
-0.040351
0.012277
0.050375
0.056116
0.039064
0.028249
0.091109
-0.012480
0.013929
-0.015657
0.008528
0.056670
0.021275
-0.009278
0.003841
-0.050944
-0.006932
0.038312
0.055163
-0.010524
-0.003496
0.031603
-0.015793
0.041865
0.094215
0.075823
0.004114
-0.002653
0.025900
0.012432
0.001164
-0.000224
0.019814
0.009567
0.008314
0.063431
0.013137
0.020167
0.039720
-0.005105
-0.039450
0.043739
0.041842
-0.004387
0.060715
0.028626
0.026892
-0.001593
0.018545
0.030411
0.067540
0.092081
-0.008651
0.051286
0.079723
0.018759
-0.016114
-0.062041
0.084200
0.006142
0.012851
0.006169
0.082329
0.045407
0.121786
0.109554
0.155467
0.180516
0.187144
0.208769
0.206026
0.252485
0.293787
0.294434
0.322903
0.300927
0.306481
0.285795
0.326037
0.300032
0.264251
0.259664
0.275700
0.265671
0.252749
0.158894
0.195694
0.225823
0.244544
