-0.011844
-0.028475
0.016455
-0.018701
0.013630
-0.017378
-0.052860
-0.015932
-0.006850
0.048608
-0.054676
-0.075332
0.035257
0.036314
0.020668
0.020690
-0.044739
0.000067
0.033470
-0.010023
0.010753
-0.026570
-0.030565
-0.085085
0.004097
-0.036749
-0.027085
0.060954
0.015496
-0.021419
-0.045530
0.011144
0.060448
-0.004839
0.070648
-0.002661
0.002700
0.034359
-0.020746
-0.008398
-0.032151
0.024146
0.025580
0.052676
0.066600
-0.070781
-0.032271
-0.006759
0.015988
0.046483
0.011658
0.069504
0.056522
-0.088163
0.056046
0.077125
-0.073067
-0.017386
0.031768
-0.055522
-0.067468
-0.042319
0.001840
0.041959
0.055133
-0.001923
0.076359
-0.018213
0.037839
0.093961
-0.012541
-0.038542
0.023235
-0.003589
-0.048620
-0.062165
-0.048749
-0.026738
0.016282
0.007961
0.031062
-0.004795
0.108642
0.023492
-0.044919
-0.005971
-0.014617
-0.045389
0.023495
0.033157
0.060830
-0.025148
0.041374
-0.091849
-0.015696
-0.029517
-0.077401
0.014771
-0.018565
0.037785
0.011128
0.048109
0.039199
0.053686
0.036631
0.011531
-0.018552
0.027822
0.021195
-0.073266
-0.030143
-0.071506
-0.002096
-0.000345
0.021686
-0.032988
-0.040277
0.044574
-0.037421
0.067221
-0.003029
-0.009376
-0.009300
0.002624
0.079799
-0.014087
-0.049038
-0.033811
-0.012658
0.007813
0.096130
0.020217
0.018610
0.053110
-0.057949
-0.031045
0.013547
-0.043073
0.017012
-0.068958
0.065101
-0.002327
0.044717
0.059879
0.000932
-0.002590
-0.032123
-0.014507
0.004619
0.020536
-0.025776
-0.019778
-0.081006
-0.048799
-0.037213
-0.072541
0.016843
