0.014054
0.035433
0.007408
0.003849
0.005698
-0.002066
-0.054679
0.021791
0.099796
-0.031151
-0.016252
0.013000
-0.021693
0.002472
0.009622
-0.003018
0.026905
0.002167
-0.016109
0.027003
-0.005276
-0.063857
-0.064516
-0.061048
-0.052250
0.015340
0.019365
0.020846
-0.008929
0.012382
-0.012671
-0.016710
-0.006984
-0.037214
-0.042485
0.014612
-0.014357
0.001770
-0.006003
0.007554
0.011735
-0.016017
-0.026649
0.022380
0.048286
0.003309
-0.003577
-0.038342
-0.008088
0.033339
-0.003369
-0.036517
-0.012075
-0.037733
0.035391
0.024836
0.048526
0.073045
-0.005042
-0.040776
-0.006049
0.041548
0.041825
0.004050
-0.023623
0.025953
-0.024683
0.006161
0.017980
-0.005512
0.064592
0.011269
0.043651
0.014162
-0.006118
0.017750
-0.003819
0.001093
0.023104
0.023027
-0.063051
-0.060710
0.023650
0.035188
0.016485
0.054037
0.067024
-0.083267
-0.081475
-0.011247
0.047699
-0.028169
-0.032241
-0.004989
0.023986
-0.013631
-0.022755
-0.033379
-0.017737
-0.010858
0.007530
-0.040852
-0.033207
-0.025987
-0.011763
-0.007836
-0.005662
-0.011141
0.017046
-0.052033
0.016584
0.024587
0.013766
0.032828
0.031427
-0.007222
-0.034487
-0.023877
-0.019833
-0.025410
-0.012433
-0.079700
-0.035760
-0.037299
0.028933
0.005356
0.021318
0.083756
0.008101
0.035067
0.068493
0.072766
0.046279
0.112688
0.154275
0.126337
0.167973
0.157567
0.133495
0.183880
0.266540
0.210102
0.276536
0.229701
0.278778
0.253398
0.237257
0.279534
0.287984
0.265498
0.255216
0.285392
0.296610
0.233012
0.228451
0.247030
