0.041253
-0.008176
0.006947
0.024638
-0.021918
0.034138
-0.030575
-0.003079
-0.029306
-0.016377
0.058677
-0.063838
-0.100614
0.040999
0.003281
-0.006978
-0.012352
-0.048685
-0.038606
0.086077
0.037393
0.006766
0.085166
-0.007976
0.023182
0.054769
0.013288
-0.001548
-0.059740
-0.055144
0.041743
0.008944
-0.024660
-0.043446
0.002253
-0.030711
-0.074984
-0.072396
-0.032921
-0.028274
0.001740
-0.024592
-0.052508
0.001037
0.004488
-0.002890
0.052596
0.024818
0.010438
-0.006119
0.007812
0.073322
0.034277
0.058947
-0.016661
-0.018092
-0.063957
-0.040925
0.011309
-0.006242
0.054642
0.008592
-0.041057
-0.054717
-0.003900
0.005094
0.012783
0.018547
0.012759
0.059283
0.032195
0.053712
0.100411
0.040132
-0.049319
-0.025840
0.014810
0.042798
-0.016311
0.066820
0.020813
-0.017032
-0.046117
0.026774
-0.017609
0.013667
0.033254
0.006870
-0.006908
-0.005428
-0.031707
0.014798
0.039802
-0.011549
-0.059238
-0.013514
0.024306
0.027480
-0.037256
-0.035616
-0.025630
0.100335
0.033871
0.020878
0.016030
-0.033607
-0.001505
0.004056
0.048816
0.045010
-0.011027
0.063562
0.014686
0.009488
-0.024990
0.061250
0.016415
-0.044034
-0.033281
-0.003101
0.032698
0.028391
-0.015184
-0.080543
-0.105853
-0.049863
-0.051918
0.014320
0.032484
0.023769
0.011629
-0.017501
0.006634
0.022402
-0.028983
0.024792
0.007972
-0.036927
-0.044721
0.056524
0.042896
0.128709
0.165126
0.085344
0.158693
0.110579
0.142772
0.178750
0.135489
0.144285
0.299505
0.275811
0.355187
0.438045
0.376078
0.499920
