0.001269
-0.001631
-0.033491
-0.003604
0.025474
0.004346
0.010153
-0.008978
0.024659
-0.019946
-0.017691
-0.044978
0.017686
-0.022061
0.063537
-0.016140
0.044440
-0.023951
-0.050924
-0.023752
-0.032508
-0.014028
-0.001360
0.031714
-0.051617
-0.016940
-0.041558
-0.037191
-0.056371
0.000544
0.052608
-0.022119
-0.051306
-0.009076
-0.080489
0.043846
-0.041970
-0.115738
-0.003028
0.027290
0.001322
-0.083235
-0.040042
-0.004416
-0.042534
-0.046749
0.006457
-0.049414
-0.074576
-0.105953
-0.085563
-0.082694
0.014287
0.048952
-0.010626
0.082128
-0.011260
0.049928
0.009523
-0.002031
-0.031640
0.004258
-0.015228
-0.054316
0.032356
0.037790
-0.059073
-0.001741
-0.088196
-0.057073
0.014659
0.044529
0.028356
-0.006536
-0.055818
-0.001816
-0.051566
0.017642
-0.027897
-0.029092
-0.023944
-0.039648
0.039822
-0.024127
0.050912
0.058648
0.046664
0.046054
-0.026146
0.066972
0.014055
-0.001945
0.087290
0.030721
0.003786
0.106053
0.011260
0.051970
0.020585
0.044699
0.003999
0.085374
0.067410
0.079877
0.035971
-0.030495
0.033087
-0.000137
0.009522
0.032370
0.022034
-0.025220
0.007626
-0.002452
0.029389
0.071594
-0.066790
0.051991
0.054098
0.051258
-0.001583
-0.015624
0.012500
0.042749
0.052084
0.024709
-0.014265
-0.109426
0.025550
0.063531
-0.015501
-0.021934
0.035297
0.021201
0.005409
0.051548
0.011694
-0.000777
-0.009236
-0.024580
0.028818
0.069127
0.025082
0.036661
0.018449
0.018297
-0.001008
0.021101
0.022015
0.097373
0.045733
-0.003601
0.089944
-0.001051
0.032002
0.119360
