-0.044840
-0.039063
-0.000897
-0.033575
-0.037799
0.021781
0.000515
-0.010670
-0.050845
0.010414
-0.006407
-0.026551
-0.001555
0.012372
-0.080158
-0.042431
0.026035
0.035131
0.001473
-0.016078
-0.029709
0.055822
-0.021789
-0.004619
0.091549
-0.004010
0.021847
0.038424
0.062938
0.031705
0.041819
0.031057
-0.024203
0.057092
-0.012047
-0.028519
0.006208
-0.025422
0.044671
0.002618
0.025137
0.042254
0.008672
-0.009361
-0.031790
-0.002677
0.003583
-0.020888
0.071816
0.005993
-0.063260
-0.044123
-0.009351
-0.016182
0.040737
-0.023330
-0.034967
0.028937
-0.013609
-0.011889
0.007393
0.027397
-0.020649
-0.025978
-0.003439
0.028974
0.003710
-0.021224
0.002739
0.036577
0.036648
0.028748
-0.040867
-0.023298
0.012679
-0.022726
-0.019034
-0.050235
0.056911
0.031017
0.045336
0.053424
0.007496
0.009697
-0.022631
0.030698
0.030154
-0.021694
0.020413
0.048032
0.024821
0.033652
0.036096
0.031049
0.054379
-0.001399
-0.009284
0.023372
0.035787
-0.036079
-0.019839
-0.008968
0.011267
0.017626
0.001738
-0.019421
0.007533
0.011487
-0.003835
0.002020
0.014277
0.010654
-0.004397
0.001938
-0.048828
-0.013126
-0.042405
-0.044230
-0.031753
-0.028100
0.007374
-0.063932
0.036399
-0.001000
0.024322
0.014522
0.008343
-0.004597
0.002647
0.033818
-0.015463
-0.005554
0.015588
0.050793
0.022397
-0.015278
0.038468
0.089908
0.093796
-0.003959
0.027229
0.104810
0.060430
0.037943
0.047206
0.086308
0.054057
0.086655
0.140339
0.146371
0.101857
0.167890
0.221918
0.215919
0.244388
0.237319
