-0.004820
0.008127
0.043215
0.021849
-0.004651
0.017953
-0.010280
0.008918
-0.001357
0.041388
-0.015270
-0.023632
-0.025636
-0.015842
0.023376
0.002595
-0.052413
0.024804
0.018645
0.031426
0.043552
0.011047
-0.007902
-0.017534
-0.048028
-0.020662
-0.014843
-0.026394
-0.040800
0.023460
-0.047674
-0.009947
0.025223
0.051931
-0.011021
-0.015789
-0.019144
-0.014030
-0.030565
0.007792
0.017087
-0.021433
-0.054256
-0.004952
0.000470
0.013338
-0.026611
0.016014
-0.032812
-0.006790
0.015200
-0.001519
0.060921
-0.020378
-0.010843
0.051420
0.020631
0.006639
0.020980
0.008179
-0.040899
-0.029142
0.019655
-0.008304
-0.003214
0.009771
-0.005942
-0.036327
-0.001103
-0.010826
-0.004036
-0.001532
-0.020704
0.009602
0.006749
-0.013511
-0.015732
-0.011801
0.008590
0.020841
0.002688
0.000808
-0.010778
-0.048991
-0.006265
0.047903
-0.009661
-0.001031
0.040297
0.000678
0.035378
-0.006856
-0.002186
0.013084
-0.013816
0.046679
0.024085
0.020705
0.002774
0.028917
-0.051075
-0.043078
0.034484
0.005483
0.026200
0.002414
0.014453
0.009096
-0.027676
-0.016999
-0.008054
-0.011915
0.009817
-0.008627
0.011433
0.019418
0.018176
-0.005481
0.003376
0.027641
-0.003384
0.009610
0.053347
-0.026028
-0.001300
-0.001325
-0.011479
-0.004921
0.007840
0.000497
0.044878
0.035260
0.034672
0.026850
0.001512
0.027059
0.018470
0.034098
0.060183
-0.013754
-0.018944
0.048355
0.074278
0.055164
0.070523
0.102910
0.117376
0.122446
0.158947
0.151316
0.171079
0.199342
0.220088
0.188281
0.236860
0.233087
