-0.007442
-0.007304
0.022198
0.035075
0.060758
0.041819
0.046986
0.008216
0.057658
0.002318
-0.012455
-0.029801
-0.038704
-0.003262
-0.032968
-0.015420
0.003404
0.037889
0.005895
0.015091
-0.029270
-0.021355
0.030827
-0.073162
0.011777
-0.022228
-0.025194
0.016501
0.037041
-0.035024
0.029290
0.022087
-0.024461
0.003827
-0.010399
-0.075824
0.014260
-0.025253
-0.006758
0.004859
-0.026665
-0.047898
-0.045215
0.015132
0.017263
0.012484
0.035948
-0.020915
-0.032858
0.014035
-0.022620
0.011147
0.010654
0.037477
-0.000771
0.042102
0.049793
0.082968
0.086351
0.052877
0.019208
0.028466
0.061936
-0.022849
0.056566
0.022658
0.016302
0.005609
-0.010527
-0.003750
-0.031890
-0.013147
-0.047235
-0.042214
-0.017222
0.041017
-0.016989
-0.004989
-0.001345
-0.008495
0.040129
-0.020716
-0.035862
-0.013816
-0.003554
0.016372
-0.052610
-0.025816
0.031547
0.012867
0.008013
0.051283
0.011561
-0.032370
0.030190
0.068361
-0.034525
0.038950
0.010436
-0.023841
-0.033078
-0.047672
-0.023934
-0.017163
0.061883
0.014900
0.014987
-0.000130
0.016112
0.008644
0.024910
0.045799
0.059152
0.023796
0.065215
0.172961
0.160636
0.120683
0.139405
0.218161
0.222206
0.302376
0.394689
0.420670
0.417440
0.554988
0.555692
0.611854
0.683065
0.726513
0.753229
0.791472
0.736521
0.779006
0.734194
0.660098
0.661166
0.632586
0.575580
0.517495
0.391836
0.386644
0.269537
0.249970
0.250295
0.156704
0.136531
0.118500
0.105168
0.130608
0.065797
0.094660
0.085594
0.078298
0.106968
0.061693
