-0.032108
-0.050094
-0.006085
0.021762
0.011439
0.057332
0.011270
0.031948
-0.012260
-0.024728
-0.002983
-0.010197
0.010091
0.022983
0.070382
0.000553
0.009228
0.011404
-0.055369
-0.046857
0.003092
0.038175
0.049064
0.100000
0.079606
0.138575
0.118339
0.136701
0.179161
0.180377
0.229962
0.252274
0.284960
0.320146
0.436334
0.380159
0.417211
0.416684
0.421298
0.419103
0.465768
0.366314
0.337481
0.325176
0.295398
0.277236
0.211303
0.172866
0.187126
0.219855
0.163054
0.039964
0.011999
0.040595
0.045928
-0.030598
-0.005581
0.036036
0.016808
0.027975
0.038777
0.006276
-0.002245
-0.028889
0.021307
-0.002519
0.052126
0.052761
-0.007739
0.010930
0.016166
0.021544
0.006588
-0.017105
0.031499
0.005896
-0.003203
0.037865
0.056576
