0.011561
-0.032370
0.030190
0.068361
-0.034525
0.038950
0.010436
-0.023841
-0.033078
-0.047672
-0.023934
-0.017163
0.061883
0.014900
0.014987
-0.000130
0.016112
0.008644
0.024910
0.045799
0.059152
0.023796
0.065215
0.172961
0.160636
0.120683
0.139405
0.218161
0.222206
0.302376
0.394689
0.420670
0.417440
0.554988
0.555692
0.611854
0.683065
0.726513
0.753229
0.791472
0.736521
0.779006
0.734194
0.660098
0.661166
0.632586
0.575580
0.517495
0.391836
0.386644
0.269537
0.249970
0.250295
0.156704
0.136531
0.118500
0.105168
0.130608
0.065797
0.094660
0.085594
0.078298
0.106968
0.061693
