0.550207
0.630558
0.756079
0.652167
0.704582
0.684724
0.669275
0.656978
0.638493
0.560995
0.556678
0.509248
0.412507
0.389315
0.344080
0.312589
0.240120
0.178195
0.162825
0.140112
0.066556
0.003820
0.034420
0.110999
0.091302
0.030911
-0.000180
-0.005589
0.074159
0.010122
-0.019240
-0.076615
0.033125
-0.033140
-0.036936
0.025846
-0.032377
0.014925
-0.032481
0.012402
0.058858
0.010542
0.010113
0.039266
-0.008861
-0.053078
-0.014613
0.037506
0.015626
-0.034934
0.000881
-0.019436
-0.012669
0.026930
0.028472
-0.018633
-0.023658
0.057496
0.047837
0.024966
-0.009033
0.014840
-0.013872
0.012709
0.053086
-0.020662
-0.014022
0.031452
-0.015742
-0.038128
0.006206
-0.032431
0.031308
0.036226
-0.063982
-0.011175
-0.035094
-0.008476
0.019794
0.035033
-0.034872
-0.039551
-0.045472
-0.016776
-0.037380
0.072842
0.030642
-0.022066
-0.008645
-0.041115
-0.053198
0.065455
-0.004039
-0.006174
0.028147
-0.014208
-0.022596
-0.032229
0.037546
0.051582
0.020076
0.062510
0.051773
-0.028153
0.012383
-0.048432
-0.026202
0.018567
0.069876
-0.005038
0.022114
-0.004820
0.045779
-0.024166
0.022451
-0.025219
0.033767
0.027149
-0.018710
0.030699
0.006546
-0.026449
-0.010814
-0.034835
0.019455
0.047826
0.025474
-0.011573
0.021977
0.004632
-0.041548
0.004899
0.061318
-0.047591
-0.052957
-0.029727
0.038471
0.001170
0.020232
-0.001377
-0.001805
-0.010869
-0.023922
-0.018145
-0.009140
0.001381
-0.012472
-0.012835
-0.026757
-0.013408
0.003289
0.054192
0.007993
0.013230
-0.019577
-0.025059
-0.016739
