-0.055660
-0.023368
0.000552
-0.024326
-0.030724
-0.029631
0.034082
0.044245
-0.023162
0.001945
-0.000595
0.012769
0.038648
0.014222
-0.000991
0.002433
0.039054
0.024220
0.018711
-0.003092
-0.014555
0.002744
-0.023210
-0.011846
-0.005762
-0.014673
-0.016034
-0.002819
0.012174
0.027615
0.019169
0.007933
0.011001
-0.004430
0.023016
-0.002925
0.004708
-0.015569
0.015858
-0.056183
-0.021176
0.010119
-0.000955
0.044473
0.007942
-0.018812
-0.036715
0.017678
0.009646
-0.020456
-0.007542
-0.041849
0.024440
0.012270
-0.006459
-0.001931
-0.001876
0.033783
-0.012482
0.005873
0.017573
0.022179
0.005944
-0.020621
-0.021128
-0.012167
0.012109
0.006456
-0.031097
0.009724
0.017648
0.019924
-0.027199
0.007447
-0.011842
0.000455
0.022234
-0.017204
0.008191
-0.004803
-0.029984
0.030600
0.027822
0.017089
0.005935
-0.016656
0.009301
0.026660
-0.028360
0.026296
-0.013598
0.027420
0.010180
-0.005095
0.000934
-0.036380
-0.024427
0.032091
0.052624
0.048959
-0.005658
-0.009855
-0.021700
-0.000826
0.018344
0.003341
0.016057
0.005934
0.047289
0.008647
0.030021
0.015246
0.006991
0.020559
0.087852
0.119671
0.161902
0.142785
0.157806
0.169033
0.214203
0.188613
0.229577
0.273570
0.334591
0.328310
0.360260
0.412338
0.426334
0.475823
0.507450
0.488184
0.517544
0.512695
0.529382
0.531649
0.509496
0.502039
0.442372
0.404840
0.398825
0.343225
0.359385
0.343351
0.317316
0.247465
0.219511
0.196794
0.179755
0.134385
0.156456
0.128179
0.114919
0.160127
0.171152
0.159277
