0.050883
0.028378
0.010559
-0.028589
0.025188
0.030417
0.052108
0.000084
0.009504
-0.003380
0.030780
0.004674
0.008082
0.014991
0.049183
0.027162
-0.069030
0.004969
-0.019690
0.007657
0.045729
-0.037657
0.007604
0.007450
-0.014277
-0.019354
-0.027493
0.001304
-0.047033
-0.023753
-0.022602
-0.052877
0.006705
-0.009241
-0.004710
0.027806
-0.000978
-0.009925
-0.008255
0.007170
0.014035
0.004397
-0.001149
0.013029
0.011831
-0.007813
-0.015419
0.010001
-0.020945
-0.013399
0.013403
-0.051743
0.025941
-0.051950
-0.000262
0.003996
0.000361
-0.000790
0.009620
-0.003437
-0.014398
-0.005570
0.050586
0.031884
0.020064
-0.018178
-0.050951
-0.003590
0.003631
0.028377
0.008421
-0.013840
-0.028758
0.011529
-0.016250
0.001062
-0.008937
-0.018569
0.003844
0.020083
-0.003763
0.031481
-0.015041
-0.017252
-0.014204
0.004581
0.002764
0.077151
-0.000057
0.001195
0.014325
-0.029193
0.025087
0.017322
0.053816
0.038477
0.012067
-0.026385
-0.031257
0.014894
0.007753
-0.033346
-0.039495
-0.013413
-0.010817
-0.043254
0.015440
0.003575
-0.040039
0.009637
0.008913
0.001345
0.004199
0.040694
0.023512
0.037216
0.019961
0.011866
0.054214
0.007612
0.029137
0.015854
0.007246
0.004838
-0.015373
-0.015498
-0.032640
0.015737
-0.030194
-0.004998
0.003487
0.039735
0.027626
-0.001097
0.006715
0.026898
0.059652
0.030455
-0.024374
-0.040195
-0.017849
0.001302
-0.014398
0.000934
-0.019778
-0.042702
0.033581
0.008763
-0.000243
0.045704
0.017372
0.012125
-0.026895
0.005297
0.013964
-0.020582
-0.012831
