-0.004934
-0.000831
-0.009134
0.022711
-0.004409
-0.033281
0.001162
-0.022462
0.006040
-0.001277
0.005081
0.013382
0.018485
-0.005628
0.012955
0.026164
0.014690
-0.006552
0.061459
0.030144
0.006983
0.046280
-0.047426
0.013950
0.026553
0.001557
-0.006101
-0.007341
0.070769
0.052326
0.025892
-0.018076
-0.079396
-0.012887
-0.023393
-0.020695
0.018701
0.008181
0.029805
-0.014595
-0.002172
-0.015388
-0.005482
0.012584
-0.072419
0.024071
0.024084
-0.005397
0.026546
0.024109
0.005578
0.030435
0.004086
-0.024098
-0.013124
-0.006574
-0.019656
0.025464
0.020025
0.056619
-0.007734
-0.045260
0.046241
0.056895
-0.017037
-0.028272
-0.031928
0.018766
0.012222
0.029368
0.012157
-0.008608
0.013807
-0.023699
0.007684
0.023932
0.031060
-0.004847
-0.002077
0.049941
0.016896
-0.039461
-0.010948
0.039105
0.026650
-0.066484
-0.014655
0.034664
0.040387
0.006448
0.057422
0.042989
-0.021937
0.021090
-0.027323
-0.072330
-0.062530
0.010298
0.045262
-0.031950
-0.000512
0.016223
0.044802
0.013364
-0.034501
-0.052054
0.014515
0.028380
-0.077403
0.004860
-0.005342
0.012908
0.001738
-0.023167
-0.011637
-0.051769
0.030223
0.011316
-0.009556
0.006641
0.051969
-0.040951
0.000336
0.002825
-0.002420
0.027183
-0.000292
-0.011471
-0.004637
-0.022276
0.027239
-0.018161
-0.025582
-0.011197
-0.045062
0.055727
0.049399
0.037225
0.017513
-0.025629
-0.028077
-0.073829
-0.024913
0.012728
0.014733
-0.026371
0.048022
0.053260
0.004270
0.001059
-0.044245
0.015752
-0.070466
0.035894
-0.001988
-0.003495
