-0.006746
0.028750
-0.013264
0.045884
-0.018296
-0.037514
0.016501
-0.012285
-0.017163
-0.030599
-0.015879
-0.061782
-0.053429
-0.042207
0.021468
0.011675
0.009879
-0.030687
-0.012797
0.006625
-0.014468
0.012627
-0.041364
0.006441
-0.008065
0.004045
0.026952
0.012610
-0.001465
-0.012896
-0.000444
-0.016106
0.004927
0.019006
-0.014442
-0.031108
0.003486
0.016442
0.027301
0.008661
0.014505
0.043307
-0.013784
-0.000990
-0.006125
-0.018368
0.012850
0.006415
-0.003449
0.010692
-0.028510
-0.013775
0.012911
-0.020288
-0.028974
0.016973
0.019811
-0.024553
-0.044067
0.039381
0.036310
0.023177
-0.013186
-0.003297
-0.028358
0.020142
0.014430
0.008154
0.001646
0.000606
-0.000546
0.019751
-0.005960
0.013413
-0.004525
-0.029234
-0.040607
0.005929
-0.003825
-0.004577
0.026122
0.042011
0.043486
0.052770
0.005067
0.020974
0.006540
-0.016264
0.018163
0.015548
-0.011692
-0.004637
0.048529
0.023824
-0.021362
0.009399
-0.002406
-0.011541
0.014498
0.022985
-0.032658
0.004466
-0.019989
0.002589
0.038746
-0.011718
-0.015072
0.018996
0.036246
0.003365
0.020878
0.037653
0.005035
0.001635
-0.060558
0.003795
-0.007096
-0.030039
-0.023579
0.012531
-0.058376
-0.034960
0.014782
0.009800
0.029820
0.006152
0.007027
0.003027
-0.051218
-0.005223
-0.018099
-0.021038
-0.010062
0.026474
-0.035912
-0.005784
-0.020038
0.008639
0.004758
0.004630
0.002244
0.024301
-0.042273
0.015249
0.006436
0.006610
0.003895
0.018605
0.025166
-0.044460
-0.014708
0.000267
0.037858
-0.018604
0.000645
-0.018988
-0.001486
