0.325457
0.311897
0.428047
0.390435
0.389913
0.431874
0.517771
0.444762
0.476292
0.416068
0.425059
0.446401
0.322089
0.371309
0.351341
0.373383
0.273527
0.259565
0.228839
0.095622
0.085153
0.131074
0.146709
0.087229
0.055791
-0.000604
-0.007920
0.045318
0.011995
0.027663
0.119730
0.019778
0.009826
0.066870
0.042026
-0.060696
0.033723
0.045745
-0.006152
0.048316
0.026342
0.045375
0.014043
-0.008317
-0.002986
-0.008032
-0.002716
-0.022126
-0.042227
-0.004673
-0.046212
-0.043530
0.022368
-0.033777
-0.027962
0.012617
0.079020
0.032772
0.062419
0.027574
0.000282
-0.043751
0.000633
-0.002844
0.055009
0.024184
-0.030685
0.022549
-0.056176
-0.028249
-0.036105
-0.089392
-0.100520
0.024233
0.032837
0.079634
0.020420
-0.018941
0.075962
-0.007915
0.028130
-0.015710
0.024186
0.001495
-0.009042
0.007920
-0.080665
-0.028313
-0.012196
-0.054341
-0.040991
0.026031
-0.009852
-0.007360
-0.021211
-0.009088
0.004649
0.047976
0.009621
-0.002094
0.030608
-0.019506
0.033743
0.036974
0.023932
0.000761
0.019998
-0.041618
-0.025921
-0.075781
-0.001628
0.073625
-0.023391
0.035483
-0.018682
-0.056573
-0.010377
0.045496
0.035147
0.053634
0.056497
-0.033511
-0.010176
-0.002258
-0.042782
0.018700
0.021295
0.061103
0.041655
0.028921
-0.007864
-0.009354
-0.053715
0.078999
0.093178
0.065792
-0.013536
-0.037404
-0.027956
-0.078867
-0.024430
0.014099
-0.021302
-0.065107
0.012527
-0.049021
-0.119341
-0.053722
0.022037
0.003801
-0.042624
-0.086417
-0.013389
0.020383
0.107266
0.013570
0.033857
