-0.037303
0.018085
-0.002955
0.053354
0.011934
-0.025997
-0.008192
0.000362
-0.030171
0.020713
0.013946
-0.008446
-0.026520
-0.005438
0.092698
-0.002857
0.027297
-0.032661
-0.010757
0.043478
0.002370
0.029168
0.044572
-0.031127
-0.041913
-0.001652
-0.040560
0.025106
-0.018939
0.048739
0.016208
-0.048513
-0.027200
-0.080214
-0.024852
-0.042677
-0.017382
-0.022477
0.040093
-0.011687
-0.030544
-0.004720
-0.003578
-0.074292
0.032664
0.022361
-0.008125
-0.046131
0.021932
0.015081
0.000283
0.032637
-0.037640
-0.008681
-0.011837
-0.027428
-0.023724
0.037031
-0.001125
-0.033021
-0.009263
-0.015284
0.039205
0.018608
0.033266
0.053089
-0.011820
0.014484
0.035844
0.047815
0.071614
0.033222
0.052261
0.000048
0.006968
-0.031002
0.042385
0.045261
-0.033611
