-0.067714
-0.042636
0.003440
0.001627
-0.011228
0.011248
-0.002695
-0.002577
0.016078
0.049202
0.014241
-0.010620
-0.049464
-0.044441
-0.059620
-0.084775
-0.008344
-0.002382
0.068969
-0.022993
-0.028155
0.056405
0.029746
-0.061456
-0.013836
0.058642
-0.024663
-0.057782
-0.054855
0.014957
0.040932
-0.011937
-0.024018
-0.002080
0.082799
0.031677
-0.016564
-0.001701
0.018582
0.098277
0.035054
-0.004235
0.003896
0.011309
-0.037855
-0.055216
-0.018801
-0.045458
-0.011978
0.007962
0.009280
-0.014201
0.031342
-0.057459
-0.029668
0.034871
0.046547
0.078156
0.001176
-0.032220
-0.027576
0.035319
0.006646
-0.070740
0.028296
0.009313
-0.006471
-0.070635
-0.045135
-0.004321
0.030865
0.045240
0.069659
0.070622
0.001266
0.015668
-0.008259
-0.017236
0.030245
-0.066912
-0.025135
0.024519
0.002588
-0.017393
-0.018812
-0.029629
-0.005212
-0.058616
-0.031320
-0.017662
0.021095
-0.005841
0.009946
0.023623
-0.052872
0.033179
0.039892
-0.060395
0.059404
0.023008
-0.003678
-0.003877
0.032135
-0.005376
0.025149
0.015559
0.026316
-0.024668
-0.039255
-0.006885
-0.001182
0.008221
-0.040650
-0.001749
-0.024016
0.021771
0.000503
0.115065
0.020339
-0.000342
0.012310
0.031509
0.022028
-0.048299
0.012803
-0.012087
-0.046634
-0.016724
-0.016608
-0.038167
0.009974
0.007158
-0.044657
0.042845
0.062605
0.008579
-0.010576
0.038258
0.009585
0.020421
-0.012187
0.026536
-0.010271
-0.039855
0.027146
0.022151
0.049035
-0.016585
-0.036649
0.037250
0.049393
0.049918
-0.019937
-0.038624
0.043031
0.076870
