-0.031950
-0.000512
0.016223
0.044802
0.013364
-0.034501
-0.052054
0.014515
0.028380
-0.077403
0.004860
-0.005342
0.012908
0.001738
-0.023167
-0.011637
-0.051769
0.030223
0.011316
-0.009556
0.006641
0.051969
-0.040951
0.000336
0.002825
-0.002420
0.027183
-0.000292
-0.011471
-0.004637
-0.022276
0.027239
-0.018161
-0.025582
-0.011197
-0.045062
0.055727
0.049399
0.037225
0.017513
-0.025629
-0.028077
-0.073829
-0.024913
0.012728
0.014733
-0.026371
0.048022
0.053260
0.004270
0.001059
-0.044245
0.015752
-0.070466
0.035894
-0.001988
-0.003495
