0.022619
-0.072361
0.050199
0.007246
0.025923
-0.003673
0.049782
-0.030446
0.001553
-0.019912
-0.012118
0.032644
-0.034228
0.006518
0.000721
-0.010302
-0.012558
0.032034
0.035625
-0.005678
-0.044552
0.038690
-0.036678
-0.061877
-0.046459
0.048260
0.070280
-0.028463
0.044756
0.052990
0.036180
0.017087
0.010405
0.015093
-0.020745
-0.003553
-0.059865
-0.000380
0.022438
-0.016036
-0.040928
0.019753
0.078198
0.004528
0.023876
-0.038927
-0.039278
-0.003774
0.014785
-0.005279
-0.032162
-0.016558
0.055348
-0.052608
0.023291
0.031117
0.045530
-0.024085
-0.061401
-0.024736
0.014978
0.011187
0.058207
0.010810
-0.057556
-0.040766
-0.006539
-0.056814
-0.013444
-0.000065
0.010810
-0.059564
-0.054410
0.013966
-0.035763
0.015471
-0.036070
-0.010983
-0.012551
-0.039223
0.000529
0.022451
-0.004469
0.011493
0.024391
0.022975
-0.002460
0.003934
-0.027933
0.017605
0.067652
0.033298
-0.011504
0.054774
0.054297
-0.058367
-0.008706
0.012562
0.016190
0.064934
0.038475
-0.049808
-0.019070
-0.081418
0.047501
0.040066
-0.054269
-0.047152
-0.058889
-0.007929
0.037755
0.048261
-0.060653
0.019018
-0.046977
-0.003676
0.041528
-0.060557
-0.015313
0.035684
-0.010983
0.076632
-0.032427
0.029416
0.009451
0.002576
-0.028485
0.014652
0.011437
0.024091
-0.038803
-0.002738
0.026715
-0.033079
0.011665
0.030281
0.017870
-0.013969
0.032515
-0.012581
0.030718
0.058936
-0.014494
0.025000
0.013298
-0.005078
-0.014046
0.039244
0.097713
0.053664
0.065826
0.062214
0.023713
-0.027952
0.038072
0.002200
