0.002842
0.026608
0.005507
-0.010125
-0.033637
-0.030518
-0.042217
-0.007863
-0.000132
0.013156
0.067442
0.035081
0.051243
0.033707
-0.004007
0.020133
0.010655
0.012557
-0.007932
0.045580
0.008910
0.012843
0.007308
-0.037119
0.006125
0.073684
-0.035191
0.001277
-0.007863
0.056627
0.052492
0.029761
-0.014785
-0.050419
-0.020975
-0.000831
-0.023141
-0.070440
-0.051972
0.024150
0.011278
0.000922
0.028705
-0.016863
0.015563
-0.002934
0.035209
0.019519
-0.007617
0.022325
0.014675
0.029258
0.044655
-0.000956
0.015837
-0.014329
0.026271
0.017493
0.013132
-0.021839
-0.028737
-0.009162
-0.006889
-0.017182
-0.018431
0.016033
0.068247
0.040100
-0.009036
-0.018497
0.022909
0.046724
-0.003404
-0.041863
-0.030312
-0.003857
-0.050215
-0.014842
0.007606
