-0.029454
-0.043988
-0.018117
0.024625
0.020283
-0.017441
0.003644
-0.011705
-0.010752
0.031652
0.030826
-0.016071
0.000244
0.013897
0.016001
0.025939
0.026182
0.023882
0.029998
-0.042315
-0.030222
0.016463
-0.010302
-0.005061
-0.022749
-0.015276
0.016030
0.000943
-0.016010
0.005428
0.040070
0.010261
-0.043566
0.024808
0.025360
0.019803
0.006112
0.031305
-0.012324
-0.011845
-0.003327
0.012748
0.040316
0.009347
0.011993
-0.006947
0.013352
-0.026907
-0.008027
-0.038652
-0.019236
-0.013705
0.015996
0.031191
0.002991
-0.014029
0.012472
-0.018544
-0.028689
-0.003865
-0.045226
-0.000951
0.010142
-0.020406
0.005347
0.011949
-0.012384
-0.035401
0.005192
0.010675
-0.009379
-0.008666
0.007307
0.009553
0.013430
0.015708
0.029540
0.005046
0.000640
-0.013215
-0.021936
-0.007994
-0.010521
-0.002390
-0.007085
0.002574
-0.012233
0.017801
0.008774
0.008452
-0.010508
-0.027584
-0.011317
-0.030078
0.013792
0.034632
0.009057
0.006385
0.008330
0.000083
0.031089
0.002624
0.012649
0.031046
0.000317
0.002719
-0.030002
0.013347
0.011816
0.058537
-0.014322
0.006255
0.004391
0.001511
-0.025118
-0.008039
0.020876
0.015149
-0.009851
-0.014580
0.004122
0.013425
0.012686
-0.017299
0.023235
0.007567
0.023004
0.011980
-0.013306
0.000332
0.031743
0.035572
-0.003860
0.020821
-0.012627
-0.036613
-0.011772
-0.006956
-0.022950
-0.034776
-0.006416
0.019174
0.030898
-0.003646
-0.017488
0.018861
0.014061
0.022918
-0.009676
0.001605
-0.016522
0.045095
-0.004599
-0.020214
0.006332
-0.014576
-0.021894
