0.005410
-0.041673
-0.002648
0.011177
0.003802
-0.011307
0.014156
0.009985
0.013720
0.035290
0.003725
-0.033183
-0.024207
-0.009862
-0.007421
0.029319
0.006866
-0.000894
-0.006014
-0.001165
-0.007225
0.000954
0.014330
-0.001497
-0.049771
0.013450
-0.005043
-0.023243
-0.023199
-0.022978
-0.007938
-0.017492
-0.003070
0.003063
0.004301
0.002366
-0.038996
-0.041208
0.008457
0.052896
0.014106
-0.033338
-0.001034
0.030094
-0.011434
0.001484
0.048688
-0.000847
0.000683
0.041073
0.031218
0.009623
-0.010256
-0.006602
-0.019224
0.008336
0.011115
0.004209
-0.026022
-0.002250
0.008608
-0.008817
-0.011463
-0.019922
0.010544
0.003881
0.019070
0.010818
-0.022503
0.007400
0.017279
-0.008914
0.013991
-0.024730
0.001711
0.027008
0.020731
0.008277
0.005257
-0.018835
0.038677
0.034467
0.000987
-0.029157
-0.002932
-0.011346
0.001604
-0.003563
-0.002037
0.010046
-0.027263
-0.020836
0.029595
0.008468
-0.001035
0.004502
0.043124
-0.016186
0.007571
0.013612
-0.009521
-0.000583
0.033309
0.023913
-0.005726
-0.027839
-0.033599
-0.002519
-0.018634
-0.007390
-0.024464
0.028773
-0.041577
-0.002452
-0.021866
-0.000745
0.002647
0.002449
0.023791
0.005461
-0.003892
0.010083
-0.024173
0.012999
0.005529
0.003677
0.003587
0.016639
0.034013
0.024910
0.008817
-0.017215
0.019650
0.016203
-0.004551
-0.006072
-0.002695
-0.023195
-0.013067
0.028691
-0.027145
0.014986
0.024648
0.000250
-0.026699
0.006821
-0.008560
-0.017693
0.019699
0.007448
0.019098
0.006885
-0.014731
-0.017229
-0.002555
0.011342
0.009406
