0.027434
0.001452
0.015041
0.021590
0.010327
-0.001930
-0.043688
0.030868
0.028028
0.082256
0.018510
-0.015559
-0.082339
0.028150
-0.000989
0.015542
-0.027002
-0.017580
0.031877
0.012989
0.010692
0.002642
0.008782
0.007322
0.056055
-0.028431
-0.074586
-0.027439
-0.038673
-0.028476
0.014387
-0.014620
0.008843
-0.025591
-0.029610
-0.022775
-0.021140
0.088316
-0.035793
-0.098287
-0.029577
-0.031819
0.020137
0.023493
0.028070
0.005632
-0.061923
0.024167
0.025913
0.006483
0.007631
0.064711
-0.015412
-0.076497
-0.023777
0.018112
0.034877
-0.062820
0.003014
-0.024416
-0.059596
-0.004206
-0.040423
-0.039904
0.024294
0.022167
0.011304
-0.029648
0.014791
0.042378
-0.008216
0.011848
-0.008646
0.011548
-0.017497
-0.018281
0.007274
-0.036977
-0.002357
0.015892
-0.007440
-0.009229
0.002746
-0.013886
-0.039069
0.045206
-0.001331
-0.022986
0.049795
-0.013933
-0.028025
-0.024833
0.002082
0.032417
-0.004312
-0.023804
-0.017783
-0.026551
0.014593
0.044836
0.034434
0.061392
0.038731
-0.044382
-0.043582
0.002113
0.001789
-0.000874
0.023465
0.078798
0.039717
-0.013168
0.032519
0.000164
0.041665
0.063055
0.032597
0.045706
-0.024036
0.040282
-0.037229
0.043183
0.004477
0.042876
0.052137
0.013901
0.050858
-0.003375
0.104912
0.069080
-0.001673
0.052005
0.023715
-0.021018
-0.032547
-0.022620
0.029616
0.050059
-0.024412
-0.009652
-0.036270
-0.035930
0.014488
-0.010838
-0.009896
-0.024665
0.004463
0.003016
-0.011517
0.039401
0.044534
-0.013898
-0.016299
-0.018460
-0.056709
-0.041699
0.044137
