-0.007046
-0.032446
0.020062
0.040431
0.040329
-0.007964
0.002423
0.002871
-0.062702
-0.004900
0.079386
0.064847
-0.051145
-0.004246
-0.012525
0.078916
0.051684
-0.037469
-0.004517
-0.008168
0.049001
0.052891
-0.037661
0.056101
0.062294
-0.011237
-0.011286
-0.019064
0.002302
-0.005613
-0.064535
0.084036
-0.110122
0.011632
0.049642
0.057479
-0.038504
-0.007385
-0.000547
0.009534
-0.039246
-0.044063
0.026384
0.044699
-0.041069
-0.058383
0.009428
-0.018764
0.021742
0.038220
0.041085
0.053729
-0.009350
0.015788
0.019679
