-0.015834
0.059363
0.102665
-0.011736
-0.020147
-0.071208
-0.058399
0.065385
0.065013
0.047295
-0.005742
0.016318
0.044126
-0.035885
-0.062173
-0.013202
-0.008500
-0.037091
0.005884
0.029442
0.055044
0.001265
0.059750
-0.027437
0.017030
0.047397
0.047999
-0.024092
0.023497
0.012444
-0.072317
-0.006047
0.018239
-0.021121
0.077743
0.109034
-0.016755
0.081737
0.010605
0.025508
-0.002523
-0.064326
0.034256
-0.042855
-0.064247
-0.051868
0.017767
-0.018828
0.013802
0.034344
0.025013
0.036824
-0.045718
-0.003671
0.021584
-0.053510
0.018965
-0.058302
-0.040206
0.035181
-0.074718
0.003480
-0.021605
0.010716
-0.025915
-0.016732
-0.006599
-0.023045
-0.002028
0.019326
0.009272
-0.028710
-0.155562
0.007708
0.056464
-0.009467
-0.005394
-0.001235
-0.033354
-0.026473
0.025348
-0.010119
-0.017002
-0.000450
-0.029600
-0.027050
0.063883
0.026263
0.006457
0.005813
-0.037310
-0.018054
-0.009782
0.031206
0.018718
0.038463
-0.007224
0.008501
0.060681
-0.009390
0.024517
0.066566
-0.014908
-0.075637
0.035907
0.077665
-0.026035
0.023739
0.002364
0.030600
-0.076168
0.042835
-0.060564
-0.070154
-0.002914
0.017004
-0.006254
-0.011904
-0.029703
-0.001824
0.043743
0.032638
0.090916
-0.007227
-0.016677
-0.059862
0.057255
0.089427
0.001925
-0.051142
0.105105
0.016354
-0.009265
-0.019333
-0.049846
-0.018573
0.085461
0.043458
-0.065428
0.037533
-0.057653
-0.059809
-0.011589
0.007891
0.009863
0.052978
0.035505
0.023000
-0.002304
0.025471
-0.056410
-0.017695
-0.035495
-0.034945
0.030154
-0.020188
0.028391
