-0.031779
0.000457
0.040513
-0.036822
-0.015392
-0.052208
0.007732
0.011901
-0.063472
0.098010
0.017642
-0.036463
-0.016505
0.000611
-0.041163
-0.056125
0.015084
-0.033979
-0.046442
0.028091
-0.000262
0.045978
-0.045343
-0.045177
-0.024547
-0.016348
0.037331
0.030807
0.021501
-0.071313
-0.003698
0.044373
0.002731
-0.041607
-0.057895
-0.040494
0.040459
-0.006090
0.029354
-0.002770
0.063235
0.056335
-0.017396
-0.048599
0.077400
-0.033234
-0.059938
0.034118
0.042277
0.101399
0.069944
0.022712
0.037304
0.011400
-0.050107
-0.066865
-0.011698
-0.053472
-0.055717
0.051149
-0.006105
0.023191
0.079562
0.001578
-0.015732
-0.074658
0.040569
0.007131
0.035228
0.072386
0.000296
0.017090
-0.014558
-0.082210
-0.026768
-0.032998
-0.070302
-0.007642
0.088156
0.046180
0.084795
-0.052364
0.006807
0.040959
0.004896
-0.042932
-0.012782
0.029468
0.019101
0.045488
-0.009177
0.009722
0.076665
-0.006654
-0.080998
-0.016133
0.043418
-0.008032
-0.077831
0.044207
0.036369
-0.066324
-0.045016
-0.030450
0.014092
-0.060557
-0.043328
0.018662
0.038110
0.029374
0.000549
-0.034838
0.072994
0.121432
0.026354
-0.070120
0.003908
0.049501
-0.039709
0.006233
-0.030182
-0.007298
-0.031264
-0.026807
0.013031
0.114626
-0.013634
-0.002880
-0.044414
0.065829
0.009703
0.033947
-0.026710
-0.015428
-0.093415
-0.059411
-0.006125
0.058568
0.016052
-0.002254
0.033541
-0.016495
0.042428
0.017218
0.062546
-0.055279
0.054265
-0.035920
-0.045969
-0.015615
-0.014529
0.029515
0.006834
0.027859
-0.016461
-0.041782
0.031583
