0.813288
0.851499
0.927029
0.862185
0.832745
0.840415
0.766478
0.769981
0.764515
0.728348
0.700100
0.666785
0.573773
0.510345
0.440051
0.352862
0.390032
0.343499
0.318482
0.235403
0.264691
0.238084
0.203064
0.196898
0.173505
0.111841
0.156668
0.076360
0.084384
0.187375
0.071031
0.057877
0.109165
0.049621
0.065720
0.035307
0.061549
0.103747
-0.018257
0.038368
-0.027901
-0.026712
0.022452
0.023775
0.068426
0.133721
0.058035
0.027823
0.022584
0.017209
0.066841
-0.006204
-0.038109
0.040064
0.002500
0.000363
0.006814
-0.003339
-0.053765
0.033324
-0.007834
0.013392
0.059628
0.014019
0.056955
-0.036000
-0.068124
-0.001908
0.041377
0.005069
-0.026231
0.009857
-0.023994
-0.047782
-0.036011
-0.063517
0.033882
-0.023535
-0.027175
0.014662
0.119083
-0.001006
0.000449
0.023290
0.039522
-0.010717
-0.020786
0.043965
-0.047698
-0.021304
0.026382
-0.032365
0.017155
0.034341
-0.038305
0.035731
0.014046
0.031166
-0.053233
-0.034284
-0.014453
-0.024233
0.020914
0.017720
0.022527
0.063268
-0.017838
-0.044235
-0.018412
0.031356
0.026434
-0.047913
-0.007076
-0.030191
-0.019389
-0.027233
0.010338
-0.004431
0.036795
-0.023750
0.022274
0.013671
-0.032332
0.029906
-0.076434
-0.050507
0.020875
-0.025848
-0.032729
0.048743
0.051666
0.049126
0.003595
0.013432
-0.003040
-0.038744
-0.009034
0.014514
0.008850
0.070305
-0.019411
-0.029936
0.050203
0.029454
0.049948
0.009744
0.007177
-0.051424
-0.008729
0.022206
-0.025895
0.004506
0.020306
-0.013327
-0.035380
0.034331
0.014814
