0.014274
0.031326
-0.010408
0.009583
-0.000570
-0.015786
-0.010840
-0.002498
-0.025196
-0.035847
0.026784
0.004714
-0.008688
0.019332
-0.011948
0.028588
0.014798
-0.000909
-0.034093
0.026951
0.027037
-0.013934
0.002524
-0.000523
0.018092
-0.035045
-0.018659
0.023750
-0.016101
0.011616
-0.033657
-0.006563
-0.024587
0.011875
-0.013572
-0.002190
0.021527
-0.023893
0.039805
0.046754
-0.013391
0.019213
0.017876
0.012499
0.026681
-0.006338
0.009758
-0.035515
0.000110
0.014272
0.018455
0.036261
0.022069
-0.005561
0.026695
0.017399
-0.008583
0.027181
-0.002278
0.010697
0.015708
0.017794
-0.034041
-0.013825
-0.011675
-0.043533
-0.005410
-0.003833
-0.025788
-0.018413
-0.009237
0.010486
0.046095
0.003683
-0.003709
0.007145
0.020032
0.014175
0.004758
-0.013025
-0.004255
0.023851
0.044937
-0.001501
0.016619
-0.005349
0.010031
0.037160
-0.010112
0.012839
0.014310
0.032237
-0.021419
0.033113
-0.015641
-0.012495
-0.020637
-0.019767
0.009808
-0.048028
-0.011393
-0.003251
-0.044818
-0.013861
-0.014374
0.002787
0.015230
-0.026445
-0.012497
-0.003465
-0.023386
-0.006621
0.023628
-0.017466
-0.010222
-0.006230
-0.012253
0.020924
-0.012673
-0.000431
-0.016314
0.015397
-0.005484
0.017621
0.007786
0.066401
0.119696
0.065535
0.112012
0.167239
0.166893
0.233989
0.312103
0.387946
0.464950
0.527977
0.658184
0.744357
0.899428
0.987884
1.027413
1.009341
0.938708
0.954765
0.855748
0.850647
0.793006
0.743800
0.699559
0.635720
0.662799
0.655176
0.557054
0.540246
0.541891
0.540863
