-0.005783
-0.006375
-0.033711
-0.059885
-0.052476
-0.030466
0.034493
0.012144
-0.040454
0.003495
-0.010919
0.007747
-0.000449
-0.011500
0.011393
0.020805
0.001305
-0.024529
-0.022337
-0.042975
-0.022467
0.000447
-0.021461
0.025372
0.001065
0.009309
0.012844
-0.003020
0.028712
-0.013536
0.017160
-0.008461
-0.000319
0.002151
-0.021410
0.030348
0.032132
-0.007611
0.018787
-0.023041
0.005715
0.022416
0.033339
0.001980
0.008102
-0.013222
-0.019534
-0.018851
-0.005466
-0.013832
0.047239
0.008627
0.000010
0.006741
-0.001512
-0.042257
-0.026107
0.023038
0.021211
0.030719
0.004129
0.015616
-0.021671
0.011225
-0.000521
0.010019
-0.014218
-0.005686
-0.026137
0.014454
-0.008891
0.020906
-0.000412
0.021353
0.020378
0.024539
0.001980
-0.004035
0.013717
0.017615
0.020034
0.026226
0.017995
0.000777
-0.033802
-0.025897
0.003493
-0.034459
0.016232
0.010400
-0.026849
0.011059
0.027675
0.017607
-0.010419
-0.005202
-0.030689
0.000176
-0.034839
-0.017523
-0.017961
-0.026991
0.002796
-0.001100
-0.035872
-0.019082
-0.001051
-0.011516
-0.003284
0.014176
0.018780
0.024468
0.016229
0.004865
-0.017097
0.002248
0.007663
-0.020067
-0.023479
0.049396
0.044089
0.018369
0.023978
-0.006855
0.049371
0.053455
0.031440
0.033320
0.018335
0.051531
0.104999
0.148943
0.161345
0.188891
0.255074
0.290651
0.413349
0.458150
0.515658
0.582218
0.671824
0.702328
0.729514
0.757370
0.751313
0.752301
0.681355
0.627549
0.566424
0.474564
0.398617
0.354329
0.290236
0.279051
0.197796
0.148465
