0.470909
0.440861
0.429570
0.391771
0.332972
0.215428
0.232766
0.153575
0.112343
0.104680
0.087383
0.076069
0.024593
-0.016470
-0.000216
0.043402
-0.021838
0.046655
0.027191
0.012233
0.030124
0.027404
0.014769
-0.048366
-0.032775
-0.064326
-0.050491
-0.007559
0.035727
-0.017155
0.023816
0.034846
-0.014761
0.025798
0.016258
0.014556
0.010190
-0.005413
0.041193
-0.014863
-0.040650
-0.025814
-0.045029
-0.007040
0.011756
-0.018529
-0.019807
-0.024249
0.009780
0.026384
0.000768
-0.053212
-0.008369
0.010233
0.003262
0.062678
0.014034
-0.002409
0.046082
0.035348
-0.032822
-0.035882
0.015486
-0.004797
-0.002838
-0.002156
-0.031623
-0.015834
0.004927
-0.004677
-0.016199
-0.034708
-0.017740
0.009624
0.036410
0.021452
-0.001827
-0.032046
0.034343
0.019159
-0.030297
-0.053534
-0.031982
0.001016
0.040026
-0.024320
-0.037546
-0.057177
-0.009715
-0.023749
0.012035
-0.028033
-0.009234
0.033158
-0.039326
-0.014076
-0.027726
-0.008275
0.029544
0.006917
0.012161
0.026984
0.036312
0.009323
0.056920
0.032380
0.018978
-0.059168
-0.025375
-0.023019
-0.013722
0.048044
-0.022525
0.008045
-0.006727
-0.005378
0.004962
0.055521
0.009704
0.018165
0.014950
-0.025064
0.017603
-0.012371
0.014982
0.064676
0.020289
-0.027735
0.016643
0.049475
0.095930
0.001565
-0.020764
-0.013871
-0.009109
-0.006997
-0.030076
0.097630
0.066728
-0.000751
-0.024834
0.000167
0.014613
-0.009254
-0.013537
-0.046915
0.037641
0.012829
0.041283
0.021251
0.039684
-0.027787
0.021618
0.005268
0.016141
-0.022457
-0.037664
