0.338368
0.443760
0.471309
0.504598
0.593114
0.677767
0.741246
0.790157
0.873385
0.908799
0.880517
0.871268
0.878149
0.806583
0.821258
0.699539
0.638276
0.598770
0.487535
0.388152
0.332828
0.284353
0.250645
0.223255
0.151477
0.123836
0.092529
0.015562
-0.012487
0.086898
-0.013834
-0.057584
-0.068254
-0.018153
-0.014991
-0.012576
-0.043459
-0.024102
-0.017296
-0.017007
0.026444
-0.004638
0.021705
0.006227
-0.023466
0.002902
0.019263
0.020744
0.025054
-0.009554
-0.029725
0.001176
-0.021327
0.016840
0.013792
-0.039498
-0.045397
-0.026252
0.000196
0.001617
0.035441
-0.007640
-0.012636
-0.020439
0.048983
-0.010608
-0.015929
0.017823
-0.013690
0.023985
0.002906
-0.057514
-0.031465
-0.018640
0.001391
-0.033840
0.035663
0.041104
0.041674
0.006121
-0.036807
-0.025309
0.004685
0.007206
0.009923
-0.016471
0.060970
0.006946
-0.026225
-0.019879
0.047645
-0.008503
-0.014900
-0.022947
0.032349
-0.025373
0.038202
0.067423
0.024942
0.017467
0.058789
0.038796
0.022016
-0.029893
0.003026
-0.040138
-0.017218
0.007975
-0.000812
0.045206
-0.049116
0.042850
0.020711
0.020284
-0.003279
0.040527
-0.003209
0.014031
-0.024435
-0.015728
-0.019962
-0.003323
-0.053732
0.005977
-0.030609
0.002125
-0.026247
0.048713
-0.003241
-0.034164
-0.012383
-0.019076
-0.036941
-0.016542
-0.004294
0.011227
0.003761
-0.036793
0.003412
0.026511
-0.017805
0.011691
0.011145
-0.024946
-0.024939
-0.034092
0.008350
0.034262
0.007828
0.025393
0.018413
0.037439
0.012808
-0.023744
0.044140
0.019501
0.043621
