-0.058843
-0.025879
-0.009620
0.001994
-0.012603
0.049688
0.039160
-0.011097
0.007056
-0.030885
0.008619
0.006407
-0.018470
-0.037755
0.006481
-0.012756
-0.012186
-0.018518
0.002269
-0.002835
0.040096
0.010462
0.017952
0.003090
0.027848
-0.011413
-0.087534
0.023849
-0.032843
-0.028193
0.021702
0.050048
-0.017884
0.019875
0.012377
-0.018674
-0.022114
-0.022189
0.028129
0.034123
0.030263
0.019335
0.030925
0.027857
-0.025274
-0.045742
-0.034681
-0.016677
0.030373
0.036472
0.056551
0.045847
0.011891
-0.001080
-0.006924
0.027214
-0.064153
0.020841
0.025125
-0.020023
-0.003208
-0.007180
0.016356
0.003530
-0.013540
0.034234
-0.028566
-0.044046
0.047382
0.026899
0.075290
0.019513
0.016068
0.005157
0.044227
0.029017
-0.018266
-0.009445
-0.005070
-0.028998
-0.050642
0.005491
0.003704
0.016161
0.016600
-0.013932
-0.005213
0.095471
-0.010146
-0.034393
0.019802
-0.003559
-0.003093
-0.007611
-0.012701
0.038295
-0.006401
-0.000975
0.002550
-0.029330
0.009796
0.009986
0.014055
0.006437
-0.017038
0.009630
-0.011551
-0.004798
0.020982
0.047958
0.021981
0.009917
-0.003738
0.016332
0.006900
0.027327
0.008640
-0.020158
-0.035452
0.017232
0.031483
0.038115
0.048750
0.084238
0.125202
0.157913
0.153889
0.187002
0.226602
0.232202
0.281325
0.354828
0.351351
0.343535
0.413819
0.432755
0.423915
0.465672
0.407498
0.416777
0.401854
0.389338
0.369700
0.319435
0.316654
0.251561
0.227436
0.212673
0.158704
0.164256
0.136975
0.102074
0.122302
0.115593
0.095964
0.050694
