-0.077831
0.044207
0.036369
-0.066324
-0.045016
-0.030450
0.014092
-0.060557
-0.043328
0.018662
0.038110
0.029374
0.000549
-0.034838
0.072994
0.121432
0.026354
-0.070120
0.003908
0.049501
-0.039709
0.006233
-0.030182
-0.007298
-0.031264
-0.026807
0.013031
0.114626
-0.013634
-0.002880
-0.044414
0.065829
0.009703
0.033947
-0.026710
-0.015428
-0.093415
-0.059411
-0.006125
0.058568
0.016052
-0.002254
0.033541
-0.016495
0.042428
0.017218
0.062546
-0.055279
0.054265
-0.035920
-0.045969
-0.015615
-0.014529
0.029515
0.006834
0.027859
-0.016461
-0.041782
0.031583
