0.052477
0.007395
-0.007853
-0.010645
0.002167
-0.021804
-0.015023
0.017717
0.008693
-0.017992
-0.002319
0.078461
0.020044
-0.026275
-0.013286
-0.080305
-0.053385
-0.024529
-0.038589
-0.010259
-0.047249
0.021826
0.017566
0.009893
-0.003069
0.021073
-0.022309
0.052817
0.014710
-0.007547
0.071377
-0.008958
-0.001724
-0.010245
0.010035
0.015145
-0.011464
-0.015883
-0.009712
0.025403
-0.003124
-0.005410
-0.046316
-0.038708
-0.014644
0.018379
0.000456
0.058787
-0.009251
0.017246
0.043189
0.029579
0.031026
0.018469
0.024269
0.017599
-0.013724
0.041023
0.000591
0.028405
0.028873
-0.061468
-0.057192
0.007354
0.001727
-0.049178
0.020639
-0.003543
0.040909
-0.047748
0.070250
0.050280
-0.031668
-0.023778
-0.012051
0.010691
-0.011921
0.011473
-0.051755
