0.002926
0.031520
0.032963
-0.006474
-0.006085
-0.016439
0.023057
0.032407
-0.055818
-0.023200
0.028781
0.009023
0.040142
0.049964
-0.003947
-0.026606
-0.040513
-0.018998
-0.000146
-0.023069
-0.012164
0.007951
-0.002034
-0.000346
-0.059090
-0.054704
-0.022027
0.003388
0.034019
-0.018414
0.012456
0.010502
0.019863
-0.016578
0.025876
-0.002340
-0.031904
0.012040
-0.022920
0.000467
-0.021114
0.011207
0.003503
-0.024177
-0.031144
0.008263
0.014894
0.031467
-0.003332
0.006836
0.020021
-0.057679
-0.035250
-0.025575
-0.012602
-0.004948
0.009890
0.002821
-0.015930
0.007305
0.018485
0.029055
-0.008336
-0.010911
-0.015632
0.019041
-0.022458
-0.025073
0.004110
-0.001051
-0.026816
0.017153
0.025117
-0.038125
-0.009174
0.022402
0.011462
0.009800
-0.018172
-0.006522
0.026175
0.000928
0.015706
0.008337
0.046007
0.021024
0.000433
0.013182
-0.002355
-0.014924
0.018600
-0.016361
0.038279
0.033867
-0.019717
0.037907
0.093480
0.026356
0.002720
-0.009957
-0.017537
-0.054741
-0.001004
-0.002749
-0.004873
0.015889
0.034510
-0.056802
-0.006416
0.026516
0.013016
-0.018356
0.049762
0.028752
0.043114
-0.001086
-0.002979
-0.024711
0.015429
-0.003431
0.023572
0.033064
-0.033326
0.043054
0.007068
0.045383
-0.019865
-0.004004
-0.006983
0.001753
0.027005
0.025661
0.010244
0.036663
-0.005757
0.001130
0.012709
0.008341
-0.014302
0.025491
0.034701
0.001910
-0.000185
0.021023
-0.002461
0.014324
0.040420
0.053443
-0.035300
-0.021530
-0.024465
0.013195
-0.032189
0.005797
0.000275
0.011298
0.031257
