0.140684
0.148185
0.100656
0.121240
0.115427
0.096814
0.211282
0.165890
0.202330
0.203403
0.202010
0.166451
0.257827
0.284158
0.255765
0.241444
0.224040
0.292388
0.184983
0.174325
0.134908
0.180792
0.195685
0.160300
0.181811
0.099644
0.044405
0.105098
0.089460
0.010586
-0.018781
0.019192
0.009131
0.036207
0.077096
-0.006631
0.070395
0.016507
0.046335
-0.003588
-0.025774
0.022750
0.078449
-0.019406
0.002467
0.004845
-0.003519
0.010813
0.002267
0.022514
0.039558
0.022058
0.063313
0.024722
0.057766
0.059722
0.005220
-0.073083
0.042479
0.031284
-0.047361
-0.027155
-0.019673
0.032244
-0.022968
0.002732
0.030765
-0.025301
-0.019085
0.006322
0.080237
0.071883
-0.013632
0.062274
0.019261
0.075436
0.027527
-0.015468
0.024253
-0.057519
-0.024086
-0.050500
-0.064531
-0.022571
-0.044038
-0.012931
-0.036510
-0.050541
-0.048106
-0.043862
-0.050364
0.066748
-0.019994
-0.088970
-0.024647
-0.023543
0.021293
-0.005571
-0.033544
0.067840
0.002627
-0.006354
0.032631
-0.051787
-0.047806
0.004780
-0.014569
-0.018240
0.000281
0.004139
0.043341
0.021591
0.036593
0.031986
-0.034037
-0.018823
-0.097576
-0.044122
-0.032441
0.011810
0.029373
-0.001677
0.013473
0.010700
0.024370
0.001924
0.065115
0.026976
0.007805
-0.037264
-0.041917
0.025001
-0.018467
-0.050034
-0.000970
0.010076
0.013784
0.045141
0.018280
0.054963
0.025766
-0.077085
0.023882
0.063317
-0.008594
-0.012184
-0.017121
-0.013952
-0.034703
0.013403
-0.009380
0.075871
-0.010692
0.034573
0.022833
0.003218
0.013238
