0.002680
-0.009051
0.005719
0.006817
-0.017150
-0.008723
0.035937
-0.044912
-0.006652
0.029087
-0.003901
0.026948
-0.018757
-0.030574
0.062780
0.032469
0.051291
-0.001453
-0.009135
-0.069229
-0.021502
-0.016293
0.019906
0.012523
0.051496
0.018827
-0.018785
0.015779
0.062446
-0.009593
-0.018699
-0.024613
-0.009162
-0.006897
-0.006921
0.009044
-0.019318
0.003309
0.021648
0.018918
0.015265
0.043384
-0.025233
-0.020660
-0.048880
-0.042733
0.050040
-0.005681
-0.009248
-0.006520
-0.017115
0.061437
0.016471
0.018228
-0.021258
-0.090411
-0.045988
0.043481
-0.025771
-0.002527
0.002608
-0.029938
0.012845
0.013471
-0.018788
-0.008292
-0.043131
-0.031393
0.048783
-0.042456
0.016078
0.006573
-0.009651
0.009514
0.033428
-0.028897
0.007370
-0.020387
-0.001942
0.020116
-0.028877
0.011882
-0.051835
0.000339
0.018563
0.031080
0.023942
-0.012185
0.039080
0.012281
0.012829
0.039317
0.047192
-0.021020
-0.053774
-0.016544
-0.027930
-0.000599
0.005741
0.064829
0.030347
0.027041
0.012099
-0.008368
0.010971
-0.017942
-0.019494
0.015124
0.005593
0.044750
-0.023134
0.017180
0.037142
0.047569
0.030905
0.062502
-0.001219
0.014452
0.028394
0.030064
0.061236
0.125902
0.104525
0.168737
0.184174
0.194013
0.217915
0.234263
0.309998
0.362313
0.428723
0.436520
0.455103
0.511357
0.462819
0.410861
0.431420
0.354933
0.322715
0.305876
0.252331
0.254219
0.193103
0.154839
0.086823
0.116260
0.106708
0.032514
0.051575
0.056022
0.039532
0.026862
0.043912
-0.005468
0.029133
0.046605
