-0.001892
-0.013419
-0.020319
-0.004973
0.011440
-0.058374
-0.024382
-0.010665
0.021811
0.020235
-0.053299
-0.032584
-0.015173
-0.035689
0.000082
-0.036121
0.025593
0.068511
0.034380
0.015120
-0.029977
0.050542
0.021078
0.012197
0.020042
-0.061250
-0.008368
0.018421
0.012769
0.038164
0.003943
-0.014207
0.018779
0.047282
-0.065106
-0.020620
0.010969
0.029003
-0.011922
0.000593
-0.016243
0.016408
-0.007976
0.127094
-0.005192
0.005791
-0.035586
-0.020749
0.032026
-0.036852
0.005094
0.019382
0.063582
-0.064262
0.001288
-0.037988
-0.067190
0.010653
-0.009188
0.052650
0.022223
0.020051
0.021684
0.031686
0.009428
0.026610
0.009429
-0.038818
0.024067
0.040107
-0.010960
-0.043660
-0.041743
-0.023051
-0.060630
-0.059138
-0.012604
-0.060024
-0.003482
-0.051244
-0.005038
-0.001894
-0.031709
0.051960
-0.000844
-0.001319
0.013397
0.042755
-0.019567
0.003277
0.055869
0.056478
0.013030
0.005215
-0.085479
-0.009505
-0.043245
0.025284
-0.041739
-0.082553
-0.017283
-0.063973
0.048859
0.068908
0.029942
-0.036402
-0.017725
0.006964
0.010270
-0.035955
0.000630
0.053822
-0.040094
0.011319
-0.034275
0.015216
0.044764
0.011230
0.038819
0.054745
0.019253
0.089810
0.050963
-0.003265
0.029612
0.039282
-0.033131
0.024574
0.032944
-0.045466
0.024405
0.040978
0.029280
-0.008666
-0.017878
0.073833
0.056592
0.076739
0.022343
0.106086
0.043202
0.058731
0.033079
0.069063
0.045500
0.109341
0.046918
0.071144
0.134785
0.062365
0.040794
0.028162
0.105973
0.144289
0.130338
0.060563
