0.022451
-0.004469
0.011493
0.024391
0.022975
-0.002460
0.003934
-0.027933
0.017605
0.067652
0.033298
-0.011504
0.054774
0.054297
-0.058367
-0.008706
0.012562
0.016190
0.064934
0.038475
-0.049808
-0.019070
-0.081418
0.047501
0.040066
-0.054269
-0.047152
-0.058889
-0.007929
0.037755
0.048261
-0.060653
0.019018
-0.046977
-0.003676
0.041528
-0.060557
-0.015313
0.035684
-0.010983
0.076632
-0.032427
0.029416
0.009451
0.002576
-0.028485
0.014652
0.011437
0.024091
-0.038803
-0.002738
0.026715
-0.033079
0.011665
0.030281
0.017870
-0.013969
0.032515
-0.012581
0.030718
0.058936
-0.014494
0.025000
0.013298
-0.005078
-0.014046
0.039244
0.097713
0.053664
0.065826
0.062214
0.023713
-0.027952
0.038072
0.002200
