0.450003
0.417643
0.522451
0.539529
0.496739
0.643328
0.558035
0.606029
0.576768
0.527227
0.523019
0.534428
0.548229
0.588935
0.456795
0.418468
0.311968
0.240633
0.288778
0.204881
0.328106
0.158620
0.151447
0.097629
0.056946
0.038279
-0.006564
0.018810
0.050406
-0.021347
-0.034719
-0.040464
-0.051693
-0.029064
-0.017944
0.033341
0.008127
0.025889
-0.043991
0.027270
0.002623
-0.006787
-0.047456
-0.042304
-0.057375
-0.003151
0.052216
0.008577
-0.045429
0.023046
0.014583
-0.041255
0.017731
0.031743
-0.060441
-0.000705
-0.009779
-0.002563
0.011897
0.035655
-0.011911
-0.015550
-0.014004
0.006578
0.011073
-0.078974
0.094451
0.031398
0.027516
0.085807
0.041102
-0.010296
-0.106137
-0.048708
0.009481
-0.024612
0.016394
0.007933
0.027868
0.000857
-0.041403
0.024652
0.056058
-0.061876
-0.032969
0.099190
0.022573
-0.096457
0.039571
-0.005441
-0.036880
-0.033512
0.034420
0.012796
0.044138
-0.034648
0.044010
0.013036
0.020367
0.078770
-0.087660
-0.047009
-0.030486
-0.104005
0.004979
-0.003026
0.057607
0.028328
-0.062637
-0.027647
-0.010365
-0.050218
-0.052448
-0.047937
0.004307
-0.035986
0.004290
0.021540
0.031669
0.008960
-0.018592
0.010915
-0.032936
0.045761
-0.063019
0.022549
0.038784
0.014150
-0.084539
-0.046128
-0.011724
0.019192
0.038011
0.032105
-0.000996
-0.066916
0.021278
0.047411
0.007656
-0.005584
0.026194
-0.010744
0.035859
-0.066067
-0.090082
0.016633
0.004134
-0.052423
0.040874
0.031171
0.001269
0.050007
0.098338
0.075268
0.051509
0.080835
-0.017410
