0.019027
0.045796
0.051591
0.026848
-0.019139
0.043729
-0.022330
-0.035001
-0.006084
-0.022191
-0.033970
0.017723
-0.037210
-0.002140
-0.024894
-0.033355
0.000650
-0.056703
-0.022241
-0.064768
0.027224
-0.017988
-0.018887
-0.007447
-0.015390
-0.030650
0.018580
-0.034728
-0.024372
0.028550
-0.053652
-0.057918
-0.023510
0.033808
-0.024343
-0.026317
-0.039066
0.075223
-0.013448
-0.047059
-0.033007
0.011185
0.059669
-0.018052
-0.051137
-0.016916
0.028013
0.029492
-0.038835
0.027652
-0.009356
-0.044203
-0.001928
0.043932
0.038046
