0.013179
0.010327
-0.054987
-0.009643
-0.020637
0.001360
0.027704
0.010466
-0.013930
-0.000940
-0.071488
-0.019493
-0.002633
0.031472
-0.009021
0.011109
-0.030111
-0.008519
-0.022629
0.001763
-0.073553
0.021973
-0.000734
0.001018
0.033284
-0.004075
0.011744
0.040030
-0.014481
0.002906
0.044995
-0.079857
-0.060669
0.009467
-0.001093
0.042053
-0.021360
0.017393
0.013078
0.028731
0.045492
0.043667
0.012456
0.050171
0.002653
0.001186
-0.024868
0.036676
0.026212
0.012851
-0.025786
-0.015211
0.013219
0.002830
0.022541
0.008845
0.024419
0.024959
-0.023966
-0.014039
-0.013627
-0.034855
0.029244
0.006390
0.045147
-0.008311
-0.014009
-0.004323
0.034804
-0.030506
-0.016063
-0.015697
0.004171
0.029041
0.023897
0.036041
-0.023563
-0.011788
0.004764
0.001455
-0.012120
-0.014430
0.000222
-0.021436
0.000315
-0.016679
0.002199
0.027372
0.010814
-0.028766
0.044206
0.025818
-0.004157
0.018378
0.029784
0.043085
0.006495
-0.036646
-0.014304
-0.019939
0.029464
-0.029841
0.011298
0.005606
0.002280
0.032645
-0.017103
-0.019637
-0.026146
-0.024776
-0.043674
-0.007256
0.010672
-0.021894
0.004401
-0.006500
0.003721
-0.004221
-0.011937
0.033909
0.050676
-0.033602
-0.016687
0.035488
0.016768
-0.007656
0.021718
-0.002479
0.022708
-0.009070
0.029080
0.075128
0.074349
0.071294
0.062192
0.102328
0.107662
0.146758
0.166128
0.189371
0.238523
0.248395
0.288318
0.341105
0.341693
0.408046
0.413142
0.458055
0.478200
0.528665
0.565562
0.573474
0.585608
0.617977
0.577195
0.580489
