-0.022909
-0.003371
0.055847
0.016494
-0.003012
-0.043841
0.035618
-0.064936
-0.040638
0.135939
-0.061392
0.058281
0.058033
0.036842
0.083295
0.032252
0.020288
0.122594
0.128025
0.210256
0.261124
0.224460
0.219288
0.222246
0.253354
0.203556
0.195063
0.199771
0.194691
0.105825
0.228339
0.200228
0.155358
0.168153
0.120426
0.144287
0.048950
-0.001775
-0.019516
0.059386
0.094615
0.031625
0.012749
0.014518
-0.043038
0.001683
-0.025777
-0.010899
-0.054654
-0.016327
-0.104258
-0.033336
-0.028880
-0.027231
-0.040682
-0.057505
0.032840
0.011661
-0.062807
0.040268
-0.025806
0.058939
-0.043374
0.046352
-0.011305
-0.056039
0.004826
-0.044685
0.015761
0.001602
-0.004839
0.007806
0.057564
0.054386
0.046134
-0.032067
0.038342
-0.007929
0.034385
-0.005212
-0.045502
0.013144
0.011699
0.034504
0.019085
-0.029672
-0.094478
0.009630
0.071368
0.040169
0.005084
0.079962
-0.095353
-0.065576
0.042722
0.039363
0.005807
0.007497
-0.015115
0.015131
-0.000637
-0.010890
0.025762
0.024212
-0.023266
0.068974
0.030835
0.017458
0.007710
0.033838
0.081278
0.028978
-0.000862
0.042377
-0.077161
0.047145
-0.037975
-0.011620
0.023708
0.093827
0.042618
0.086535
0.020344
-0.026501
0.028832
0.029549
-0.053050
-0.006225
0.023252
0.118224
0.067224
-0.035007
-0.092050
-0.022268
0.003071
-0.030921
-0.015303
-0.008215
0.059194
-0.035765
-0.009333
-0.007231
-0.013218
-0.006970
0.051899
-0.058135
-0.077245
-0.087981
-0.013189
-0.023235
-0.026551
-0.010226
-0.013529
-0.013944
0.047632
-0.033438
0.033864
