-0.031139
0.014400
-0.003128
-0.000724
0.021496
-0.002579
0.073481
0.059970
-0.012032
0.014561
0.014402
0.026821
0.025893
0.096005
0.042882
0.020497
-0.023582
-0.041207
-0.010040
-0.012133
0.000357
0.002572
0.055667
-0.024317
-0.009481
-0.014887
-0.072242
-0.021825
-0.007254
-0.003059
-0.019540
-0.005727
-0.033086
-0.019080
-0.090004
0.019829
-0.016076
-0.081118
-0.025431
-0.065904
-0.001728
0.010492
0.059432
-0.000892
0.007503
-0.013792
-0.001400
-0.051224
-0.017905
0.001455
0.024977
0.039151
0.035163
0.002891
-0.039042
-0.041264
-0.035865
-0.009893
-0.001500
-0.012414
0.027204
0.008645
0.021296
0.042824
0.002286
-0.009530
-0.031669
-0.013038
0.026807
0.046596
-0.033917
-0.004632
-0.075998
-0.009407
-0.011724
-0.000964
0.025094
0.033856
-0.006939
0.007109
0.000044
0.047570
-0.011000
-0.009798
0.039827
0.058829
0.003058
-0.003842
-0.023049
-0.022860
0.011033
0.009511
-0.031595
-0.014712
0.001335
0.033542
0.036889
-0.011187
0.014058
0.006992
-0.016910
-0.007046
-0.032446
0.020062
0.040431
0.040329
-0.007964
0.002423
0.002871
-0.062702
-0.004900
0.079386
0.064847
-0.051145
-0.004246
-0.012525
0.078916
0.051684
-0.037469
-0.004517
-0.008168
0.049001
0.052891
-0.037661
0.056101
0.062294
-0.011237
-0.011286
-0.019064
0.002302
-0.005613
-0.064535
0.084036
-0.110122
0.011632
0.049642
0.057479
-0.038504
-0.007385
-0.000547
0.009534
-0.039246
-0.044063
0.026384
0.044699
-0.041069
-0.058383
0.009428
-0.018764
0.021742
0.038220
0.041085
0.053729
-0.009350
0.015788
0.019679
