0.053909
0.108143
-0.001260
0.050955
0.002004
-0.038274
-0.021103
0.072468
-0.038904
-0.009111
0.038106
-0.021841
-0.031361
-0.017596
-0.015338
-0.007283
-0.017099
0.047828
-0.028797
0.013872
0.043517
0.002252
0.009028
0.031576
-0.034317
-0.020656
-0.029016
-0.028880
-0.049094
0.026877
0.093049
0.036853
0.002622
0.006225
-0.007819
-0.034102
-0.063137
-0.093999
0.004835
-0.036794
0.022866
0.017852
0.049685
-0.073073
0.028514
0.017884
-0.012701
-0.011384
0.019185
0.019932
-0.007567
-0.084222
-0.054052
0.013203
0.004935
-0.005468
-0.068832
-0.008447
0.041590
-0.066545
0.016964
0.043826
0.015514
-0.053314
0.019807
-0.019031
0.035175
0.025554
-0.000638
0.038173
0.032891
0.035982
-0.059452
0.000106
0.017063
-0.002366
0.071675
0.027784
0.021290
0.025379
0.035471
0.014519
-0.025866
0.011293
0.026428
-0.043001
-0.017909
-0.111128
-0.001996
-0.007402
-0.035566
0.033297
-0.029259
0.007277
-0.021452
0.018514
-0.007416
0.048477
0.052738
0.001047
0.019703
-0.044617
0.026380
0.063835
-0.004940
-0.029886
0.029699
-0.013395
-0.009349
0.036429
-0.021674
-0.015905
0.034026
-0.016247
-0.057122
-0.024993
-0.013233
0.045372
0.041739
0.062409
0.022395
0.027744
-0.052077
0.019339
0.045139
0.038939
-0.044559
0.004171
-0.044085
-0.043356
0.000075
0.021769
0.040527
0.036470
0.030197
-0.027278
0.029578
-0.033477
-0.029759
-0.046036
-0.016536
0.008587
-0.021189
0.036171
0.061936
-0.047066
-0.051356
0.036810
0.056085
-0.075907
0.001443
0.029123
0.013858
-0.036684
-0.045790
-0.039072
0.005048
