0.001505
-0.005037
-0.003839
0.004833
-0.000896
0.015652
-0.016299
-0.004084
-0.002650
-0.004322
-0.006868
-0.001885
-0.022997
-0.008054
-0.005212
0.013700
-0.004109
-0.021271
-0.016300
-0.006483
-0.003398
0.001996
-0.008309
0.007878
0.015592
0.002276
-0.011927
0.007260
0.010945
-0.009652
-0.000161
0.007190
0.019433
0.005494
0.001838
0.013638
0.002619
0.016366
-0.002038
-0.000507
-0.001776
-0.004809
0.000817
-0.001832
-0.011686
0.001549
0.003616
-0.012171
-0.005514
-0.006095
-0.007285
-0.000595
-0.000181
0.005368
0.002680
-0.003063
-0.002094
0.001489
0.002576
-0.017021
-0.004478
0.001254
0.005672
-0.004122
-0.008871
0.007199
0.012927
0.006534
0.003670
0.006924
0.012953
-0.002813
-0.006200
0.016489
-0.004326
0.006894
0.003463
-0.012407
-0.011346
0.006414
0.006733
-0.003462
0.002192
0.003660
-0.012299
-0.000605
0.008489
0.000126
0.001921
-0.002906
-0.010037
0.011112
0.005766
0.003918
0.006409
-0.002889
0.006719
0.012471
0.011010
-0.009697
0.001866
0.003316
-0.014092
-0.014243
0.005474
0.000671
0.014618
-0.011517
-0.000530
-0.017681
-0.004451
-0.000894
0.004866
-0.000057
0.009468
0.002118
-0.005591
0.013731
-0.004343
-0.002728
0.001350
0.007551
-0.000905
0.006739
-0.000860
0.004776
-0.015313
0.001153
-0.005521
0.006896
-0.005623
0.000799
-0.014252
0.005402
0.026197
0.007218
0.011324
0.002182
0.012695
0.015588
0.003885
0.008662
0.022150
0.007229
0.010008
-0.009731
0.006212
0.013050
0.011248
0.004546
0.007014
0.013698
0.021258
0.044496
0.030926
0.017520
