0.009335
-0.053822
-0.040036
-0.000315
0.019493
0.010793
-0.069790
0.038661
-0.043549
-0.064191
0.029800
0.037849
0.020534
-0.027474
0.053540
0.057276
0.001160
-0.072989
-0.043166
0.051045
-0.037303
0.018085
-0.002955
0.053354
0.011934
-0.025997
-0.008192
0.000362
-0.030171
0.020713
0.013946
-0.008446
-0.026520
-0.005438
0.092698
-0.002857
0.027297
-0.032661
-0.010757
0.043478
0.002370
0.029168
0.044572
-0.031127
-0.041913
-0.001652
-0.040560
0.025106
-0.018939
0.048739
0.016208
-0.048513
-0.027200
-0.080214
-0.024852
-0.042677
-0.017382
-0.022477
0.040093
-0.011687
-0.030544
-0.004720
-0.003578
-0.074292
0.032664
0.022361
-0.008125
-0.046131
0.021932
0.015081
0.000283
0.032637
-0.037640
-0.008681
-0.011837
-0.027428
-0.023724
0.037031
-0.001125
-0.033021
-0.009263
-0.015284
0.039205
0.018608
0.033266
0.053089
-0.011820
0.014484
0.035844
0.047815
0.071614
0.033222
0.052261
0.000048
0.006968
-0.031002
0.042385
0.045261
-0.033611
-0.046922
-0.017059
-0.008500
0.016536
-0.016397
0.012882
-0.008409
-0.000228
0.024444
-0.069953
0.012956
-0.033009
0.006311
0.020934
-0.010227
0.010645
0.075738
0.016309
-0.036694
-0.003324
0.037967
-0.052821
0.028183
0.007879
-0.064222
0.037320
0.023545
0.001483
-0.022186
-0.014307
-0.023244
0.000008
0.026927
0.005944
0.076720
0.022577
-0.028276
-0.071839
-0.004800
0.026047
-0.012210
0.067206
0.038132
0.036478
0.017614
0.052751
0.032660
0.011587
0.024695
0.044252
0.090698
0.018893
0.084329
0.032540
0.091877
0.108733
0.134525
