0.024401
-0.007009
0.039294
-0.003759
0.044272
-0.025550
0.013487
-0.041100
-0.014282
-0.056160
-0.040054
0.024123
0.049880
-0.022574
-0.006337
-0.002518
-0.004689
-0.038800
-0.061402
-0.056695
0.040852
0.012448
-0.034865
-0.102466
0.001869
-0.037437
0.015857
-0.071921
-0.038267
-0.005080
-0.010891
-0.079706
-0.077675
-0.070491
-0.030018
-0.022402
0.011604
-0.020908
0.019193
-0.049497
-0.020747
-0.010904
-0.015812
0.048756
-0.022866
-0.006611
0.002015
-0.028400
0.001242
-0.023418
0.068814
-0.003041
-0.053941
0.016679
0.011303
-0.075370
0.012113
-0.026522
-0.003736
-0.015947
-0.022209
0.041097
0.030719
0.065562
-0.019989
0.053338
0.032426
0.013947
-0.015919
-0.072705
0.025446
0.014966
0.019751
0.050246
0.036958
0.017044
0.081513
0.019453
-0.030046
-0.007557
-0.032973
-0.070341
-0.030745
-0.085684
-0.014784
-0.047106
-0.065339
-0.021948
0.023837
-0.036158
0.058715
0.045899
-0.037102
0.015151
-0.030246
0.026225
0.042679
0.019759
-0.015762
0.007288
0.045120
0.024815
-0.016836
0.071392
0.001524
0.046333
0.025568
0.015092
-0.007764
0.048078
-0.065084
0.018387
0.077738
0.038753
0.027293
0.026233
0.011803
0.040944
0.002480
-0.039513
-0.017741
0.061218
0.022035
-0.072942
-0.015448
-0.024240
-0.030472
-0.086155
0.004675
0.077392
0.056393
0.102082
0.055032
0.034078
0.076668
0.000530
-0.081032
-0.007006
0.003607
0.027170
0.035575
0.041428
-0.030011
-0.038952
0.072797
0.070810
0.050049
0.130601
0.074598
0.087894
0.091037
0.065439
0.046937
0.100797
0.119039
0.038653
