-0.020292
0.041295
-0.007224
-0.037730
0.060328
0.000043
-0.038204
0.023485
-0.002639
0.025190
-0.008575
-0.076205
-0.031627
-0.050192
-0.028584
-0.045350
-0.011645
-0.004092
-0.028019
0.056086
-0.071389
-0.027445
-0.074927
0.052377
0.110396
0.005707
-0.018411
0.013315
0.016668
-0.028148
-0.067530
-0.043933
-0.033755
0.015002
0.003031
-0.067913
-0.038495
0.007683
0.061672
-0.008276
-0.003380
0.025618
0.020296
-0.024779
-0.078241
-0.004247
-0.046897
-0.017857
0.053480
-0.026033
0.005310
0.014026
0.048193
0.053903
0.056720
0.140963
0.061473
-0.039598
-0.082950
0.055600
0.038864
-0.025997
0.037396
-0.027441
-0.044881
-0.028727
-0.041016
-0.002817
0.067558
-0.013322
0.013225
0.019179
-0.042239
0.019758
0.031540
-0.090665
0.042910
0.012770
0.003094
0.088391
-0.010385
0.010422
-0.034749
0.006254
-0.036741
-0.054709
-0.035162
0.076229
-0.029063
-0.049810
0.025253
-0.015978
0.010602
-0.027606
0.061657
-0.033801
-0.009805
-0.007898
0.074920
-0.072968
-0.135556
0.049606
0.081086
0.074333
0.011865
-0.013763
0.008999
-0.048350
0.016056
-0.047414
-0.016934
-0.062633
-0.036089
0.014691
0.046714
-0.018755
0.045570
0.007693
0.040500
0.046911
-0.007187
0.042699
0.004013
0.050361
0.003986
-0.020538
0.010887
-0.012840
-0.012043
-0.074887
-0.031443
-0.022040
-0.021809
-0.044203
0.040335
0.044727
0.027990
0.053205
0.064013
0.042830
0.005273
0.073681
0.084286
0.095785
0.173472
0.261732
0.189572
0.330999
0.244935
0.301517
0.447316
0.366207
0.486879
0.437939
0.444938
0.484050
