0.174156
0.115415
0.174445
0.172235
0.202564
0.306501
0.321980
0.210764
0.231831
0.331211
0.328386
0.373946
0.402729
0.402931
0.453260
0.437533
0.524737
0.413006
0.436069
0.362162
0.374449
0.373011
0.332972
0.249364
0.301281
0.181814
0.140827
0.195048
0.124983
0.148735
0.000411
0.084174
0.055252
0.087370
0.013733
0.046711
-0.008921
-0.010488
-0.024885
0.082379
-0.006152
-0.010239
0.016005
-0.045223
0.087355
-0.005017
0.001394
-0.035696
-0.011270
-0.018549
0.022546
-0.048209
0.016508
-0.010773
0.016460
0.001118
-0.027375
-0.068337
-0.038124
-0.011520
0.047764
-0.067875
0.006204
0.000680
0.035902
0.024166
-0.055645
0.021729
0.020442
0.017496
0.024795
-0.089807
0.017500
-0.039334
-0.095781
0.007980
-0.014852
0.010984
0.026928
0.000278
-0.004201
0.094779
0.026999
0.027851
-0.000251
-0.045620
0.004092
-0.046248
0.000519
0.101405
0.050151
0.065941
0.063823
0.075206
-0.053166
-0.082930
0.012093
-0.007698
0.032053
0.051710
0.026347
0.012034
-0.031746
-0.003107
-0.000382
-0.040034
-0.076090
0.022162
0.048734
0.021651
0.032966
0.049371
0.000911
0.061488
0.021121
-0.001827
0.030886
0.083733
0.006719
-0.058243
-0.019119
-0.017206
0.085175
-0.005084
0.014151
-0.059347
0.000995
0.009878
0.015088
0.005193
-0.013943
-0.068946
0.011962
0.022698
0.040025
-0.047012
-0.043429
-0.036803
0.020287
0.002599
-0.023087
-0.005693
-0.007868
-0.013608
-0.071244
-0.042170
0.021710
-0.012620
-0.024573
-0.061512
-0.070037
0.001146
0.012954
-0.002086
-0.027113
0.090368
0.028205
