0.002550
-0.029330
0.009796
0.009986
0.014055
0.006437
-0.017038
0.009630
-0.011551
-0.004798
0.020982
0.047958
0.021981
0.009917
-0.003738
0.016332
0.006900
0.027327
0.008640
-0.020158
-0.035452
0.017232
0.031483
0.038115
0.048750
0.084238
0.125202
0.157913
0.153889
0.187002
0.226602
0.232202
0.281325
0.354828
0.351351
0.343535
0.413819
0.432755
0.423915
0.465672
0.407498
0.416777
0.401854
0.389338
0.369700
0.319435
0.316654
0.251561
0.227436
0.212673
0.158704
0.164256
0.136975
0.102074
0.122302
0.115593
0.095964
0.050694
