0.019027
0.045796
0.051591
0.026848
-0.019139
0.043729
-0.022330
-0.035001
-0.006084
-0.022191
-0.033970
0.017723
-0.037210
-0.002140
-0.024894
-0.033355
0.000650
-0.056703
-0.022241
-0.064768
0.027224
-0.017988
-0.018887
-0.007447
-0.015390
-0.030650
0.018580
-0.034728
-0.024372
0.028550
-0.053652
-0.057918
-0.023510
0.033808
-0.024343
-0.026317
-0.039066
0.075223
-0.013448
-0.047059
-0.033007
0.011185
0.059669
-0.018052
-0.051137
-0.016916
0.028013
0.029492
-0.038835
0.027652
-0.009356
-0.044203
-0.001928
0.043932
0.038046
0.000619
-0.033930
0.039453
0.070792
-0.043925
-0.024548
0.005451
0.036888
0.021917
-0.051941
0.014952
0.111403
0.036852
-0.014409
0.053382
0.078663
0.009829
-0.066236
0.027288
0.043562
-0.031871
-0.022884
-0.004662
0.003806
-0.033987
-0.062003
0.037430
0.023229
0.060185
0.048128
0.064614
0.007151
0.041139
-0.010738
-0.059345
0.028757
0.019860
-0.003170
0.035182
0.012197
0.048041
0.021527
0.022839
0.062294
-0.025952
-0.025503
-0.002438
0.029581
0.025946
-0.008590
0.003992
0.018435
-0.009415
0.055651
0.022565
-0.030818
-0.049842
-0.090227
-0.056446
-0.007609
0.019883
0.016007
0.012040
-0.020034
-0.010088
-0.013903
-0.031627
-0.008277
-0.007624
0.004459
0.019323
0.049113
-0.004750
0.012418
0.004877
0.049033
0.045944
0.009253
0.013537
0.048705
-0.015787
-0.000326
-0.012820
0.008267
0.036084
-0.037937
0.037978
-0.044355
-0.012796
-0.000851
0.081417
-0.011505
0.034448
0.020925
-0.009243
0.004758
-0.016576
-0.078777
0.016877
-0.043457
-0.015681
0.010141
