0.219572
0.273680
0.233398
0.281979
0.250543
0.247120
0.239905
0.254928
0.159833
0.185592
0.186063
0.089285
0.098709
0.130190
0.126075
0.091993
0.038029
-0.006194
0.036262
-0.029106
0.000189
0.022082
-0.032692
-0.002931
-0.029012
-0.021798
0.019172
-0.013075
0.038725
-0.010870
0.017477
0.041734
0.003832
0.024890
-0.020388
0.013220
0.037703
0.047776
0.057510
0.054353
-0.016437
-0.064070
-0.039122
0.042621
0.071708
-0.041354
0.025718
0.047248
0.027677
-0.029501
-0.029252
-0.114029
0.003405
0.023117
0.030756
0.071437
-0.020923
-0.029248
0.059264
0.000769
-0.021742
-0.076858
-0.072510
-0.042500
-0.061282
-0.009942
0.019480
0.013657
-0.006860
-0.055327
0.004276
-0.047705
0.048766
0.031501
0.014488
-0.017967
0.047793
0.008489
0.103768
-0.007818
0.045060
-0.026498
-0.072662
-0.049192
-0.014022
-0.072555
0.005385
-0.008885
-0.028557
-0.044169
0.018663
0.053285
0.023799
0.002363
0.006968
0.004203
0.061283
0.015133
0.057410
-0.038164
0.050969
0.036956
-0.011376
0.023127
0.015774
0.056810
-0.113552
0.041735
-0.056109
0.029982
-0.024956
-0.009843
0.047476
-0.036675
0.000957
-0.061506
0.027779
0.001051
-0.023330
-0.002120
0.041481
-0.017697
0.038231
0.110221
-0.013899
-0.035495
0.017262
-0.012052
0.000680
-0.060095
0.031059
0.002000
0.016821
-0.046247
0.029954
0.009825
0.110700
0.024080
-0.067032
-0.082034
-0.030950
-0.093694
-0.034662
0.068399
0.045408
0.026416
0.012832
0.020187
0.034617
-0.025960
-0.002038
0.024017
0.025421
-0.013574
-0.056711
-0.038407
-0.011166
