0.083761
0.063747
0.051981
0.048570
0.028879
0.055457
-0.015285
-0.024733
-0.014067
0.080745
0.014057
0.023356
0.015850
-0.033769
-0.044262
0.009789
-0.030590
0.077606
0.084499
0.007533
0.023312
0.080955
0.042615
0.059888
0.043727
-0.024737
0.001565
-0.053893
0.004756
-0.027406
-0.044456
0.026611
0.020724
0.001311
0.013849
-0.023309
-0.013313
-0.002447
0.012733
-0.040969
-0.079452
-0.060599
0.059217
0.036083
-0.068744
0.019971
-0.027990
-0.037473
-0.064096
-0.078759
-0.013070
-0.012113
-0.044636
-0.009879
0.026785
0.003987
-0.055741
-0.010001
-0.019159
-0.055994
-0.063280
-0.065569
-0.026798
-0.056194
-0.029099
-0.012167
-0.106902
-0.024470
-0.035035
-0.077043
-0.058324
-0.011256
0.001598
-0.022922
-0.004559
0.000593
-0.032455
-0.037800
-0.011877
-0.087192
0.003417
0.084481
0.091557
0.089673
0.056112
-0.058242
0.091979
0.051460
0.040484
0.131720
0.174440
0.147263
0.137374
0.099247
0.118902
0.222889
0.207202
0.163682
0.165782
0.142247
0.172046
0.242797
0.157916
0.226701
0.165309
0.186520
0.215467
0.170322
0.261376
0.227827
0.258942
0.262359
0.259297
0.169177
0.310792
0.171115
0.156886
0.174143
0.176430
0.195924
0.191760
0.094488
0.194049
0.171804
0.192983
0.194399
0.158458
0.194194
0.207917
0.229104
0.132734
0.174492
0.196891
0.178845
0.164170
0.168851
0.140902
0.123903
0.094681
0.116124
0.089636
0.046836
0.069739
-0.003924
0.007923
0.084152
0.005892
-0.008628
-0.061625
0.042790
-0.056434
-0.026334
-0.002525
-0.051769
-0.089158
-0.031366
-0.044317
