-0.009366
-0.009624
-0.051012
-0.055750
-0.039591
-0.039225
0.009656
0.002658
0.033975
0.039435
-0.039816
-0.013663
0.025135
-0.022590
0.025959
-0.014033
0.020657
-0.010740
0.028842
0.023158
0.056085
0.041251
-0.014610
0.005665
-0.005604
0.044405
-0.009880
0.063714
-0.001878
0.010127
-0.034864
-0.057062
-0.007413
0.040927
0.023502
-0.012447
0.000997
-0.017599
-0.015197
-0.006280
-0.078369
-0.017571
-0.017394
-0.042251
0.003024
-0.023353
-0.080627
0.009013
0.001805
0.014557
-0.019310
-0.034613
-0.035908
-0.004211
0.011701
0.025116
0.003497
-0.000104
0.015360
0.022640
-0.018199
-0.044763
-0.050086
-0.026215
0.046453
0.023365
0.003586
0.002310
0.002477
-0.013735
0.036935
0.003175
0.008949
0.044121
0.004792
0.050406
0.054804
0.045431
0.013702
-0.033581
0.027023
0.030438
-0.018683
0.056980
0.061295
-0.003804
0.027327
-0.001291
-0.044224
0.001358
-0.028751
0.036932
-0.033811
-0.029128
-0.033251
-0.012645
-0.013943
0.020329
-0.019032
0.005172
-0.027354
0.026961
0.022964
0.010806
-0.005004
-0.008248
0.015816
0.001731
-0.000074
0.021354
-0.012051
-0.032972
0.008132
-0.005963
-0.008211
0.023285
0.001692
-0.012419
0.016100
0.040789
-0.035670
0.043805
-0.002938
0.031623
0.016208
-0.008473
-0.024880
-0.030098
0.022908
-0.032702
0.017081
-0.009195
-0.043439
-0.011089
-0.009622
0.000432
-0.016962
-0.041549
0.015832
0.060889
-0.051376
-0.038266
-0.001569
0.031571
-0.012525
0.051077
0.069001
0.032361
-0.014938
-0.043385
-0.025523
0.014685
0.017349
-0.036780
0.001211
-0.006144
