0.015041
0.009966
0.010087
0.038649
0.050152
-0.021543
0.014963
0.042293
-0.037940
0.000512
0.040218
-0.026626
0.009313
0.002432
0.050388
0.013087
-0.012886
0.016909
0.021563
-0.027241
-0.007048
-0.020893
0.002170
-0.019186
-0.021321
0.014934
0.008118
-0.020209
0.019327
0.014405
0.015441
-0.013572
0.005881
-0.010656
0.011452
0.018901
-0.005187
0.010900
-0.055561
0.011747
0.015746
-0.009011
0.010597
-0.018713
-0.037786
-0.015626
0.013238
0.026308
-0.005749
-0.014840
0.015739
-0.037469
0.020988
-0.024550
-0.018648
-0.027874
-0.013383
-0.004163
0.012595
-0.022016
0.031187
0.026001
0.036863
0.005189
0.003768
-0.014437
0.003200
0.038354
-0.041164
0.002357
-0.029764
0.029566
0.022591
0.042554
0.011047
0.011610
0.025676
0.001351
-0.021476
-0.033914
-0.009275
-0.018716
0.004366
0.007444
0.039463
-0.005901
-0.005307
-0.031475
-0.039955
-0.022138
0.012337
-0.058634
-0.015675
-0.026809
0.006555
-0.028285
-0.012894
-0.016845
0.011009
0.025181
0.016749
-0.010603
-0.039742
0.002616
0.040113
-0.015497
-0.003718
0.007907
-0.014017
-0.028228
0.034237
0.012321
0.066758
-0.007085
0.010060
0.017612
-0.030786
0.000241
0.042134
0.010056
-0.001155
0.022019
0.012521
0.003127
0.010056
0.050498
0.000372
-0.006901
-0.008879
-0.007435
-0.026976
0.016109
0.004684
0.035076
0.030889
-0.001878
-0.005484
0.011059
-0.003670
-0.001064
0.030918
-0.001244
-0.019022
-0.003639
-0.024732
-0.008234
0.014612
0.042692
-0.008970
-0.018258
-0.011617
0.016367
0.034903
-0.006049
-0.003506
0.025588
