-0.011393
-0.003251
-0.044818
-0.013861
-0.014374
0.002787
0.015230
-0.026445
-0.012497
-0.003465
-0.023386
-0.006621
0.023628
-0.017466
-0.010222
-0.006230
-0.012253
0.020924
-0.012673
-0.000431
-0.016314
0.015397
-0.005484
0.017621
0.007786
0.066401
0.119696
0.065535
0.112012
0.167239
0.166893
0.233989
0.312103
0.387946
0.464950
0.527977
0.658184
0.744357
0.899428
0.987884
1.027413
1.009341
0.938708
0.954765
0.855748
0.850647
0.793006
0.743800
0.699559
0.635720
0.662799
0.655176
0.557054
0.540246
0.541891
0.540863
