0.013203
0.004935
-0.005468
-0.068832
-0.008447
0.041590
-0.066545
0.016964
0.043826
0.015514
-0.053314
0.019807
-0.019031
0.035175
0.025554
-0.000638
0.038173
0.032891
0.035982
-0.059452
0.000106
0.017063
-0.002366
0.071675
0.027784
0.021290
0.025379
0.035471
0.014519
-0.025866
0.011293
0.026428
-0.043001
-0.017909
-0.111128
-0.001996
-0.007402
-0.035566
0.033297
-0.029259
0.007277
-0.021452
0.018514
-0.007416
0.048477
0.052738
0.001047
0.019703
-0.044617
0.026380
0.063835
-0.004940
-0.029886
0.029699
-0.013395
-0.009349
0.036429
-0.021674
-0.015905
0.034026
-0.016247
-0.057122
-0.024993
-0.013233
0.045372
0.041739
0.062409
0.022395
0.027744
-0.052077
0.019339
0.045139
0.038939
-0.044559
0.004171
-0.044085
-0.043356
0.000075
0.021769
