0.673323
0.594483
0.515891
0.453592
0.456400
0.392869
0.287454
0.246819
0.239915
0.214836
0.165182
0.143659
0.102618
0.154686
0.001985
-0.008755
0.032213
0.065609
0.034833
0.020015
0.002263
0.017710
-0.040316
-0.033944
-0.008180
-0.030798
0.021456
-0.027719
-0.031620
-0.051391
-0.015328
-0.009472
0.037318
-0.042984
-0.045336
0.070121
-0.018399
-0.025512
-0.037045
-0.033066
-0.006139
0.022649
0.018949
-0.019456
0.004386
0.075046
0.036826
-0.009682
0.063239
-0.036035
0.066979
0.012336
-0.019083
-0.046808
0.011572
-0.016344
-0.042580
-0.053600
-0.007786
0.080057
-0.031292
0.015781
0.016919
-0.011387
0.003350
0.056323
0.007576
0.011840
0.071041
0.065672
-0.052760
0.020926
0.004715
0.016488
0.042520
-0.029860
-0.005980
0.015348
-0.014040
0.003122
-0.033725
-0.064522
0.024535
0.054061
0.003861
-0.087553
-0.011713
0.038874
-0.013385
0.030493
-0.019092
-0.062466
-0.038093
-0.003726
0.043536
-0.040350
-0.015629
0.044069
0.039076
-0.020636
0.001772
0.020512
-0.027739
0.060451
-0.032690
-0.039759
-0.020470
0.012454
0.036146
0.038425
-0.008279
-0.015870
-0.020146
-0.096570
-0.041393
0.022736
0.043678
0.023895
0.003725
-0.059287
0.009530
0.003197
-0.007036
0.011765
-0.006309
0.022394
0.018693
-0.024325
0.023616
0.008694
0.034844
0.007115
0.017296
-0.011692
0.054262
-0.046466
-0.009436
-0.006754
0.018505
0.013785
0.035390
-0.008411
0.010991
0.038899
0.006832
-0.004815
-0.025875
-0.014159
0.002640
-0.046464
-0.018655
-0.028584
-0.013633
-0.013138
-0.045292
0.015623
