-0.006482
0.004790
0.057869
0.015307
0.010836
-0.018404
-0.002055
0.003608
-0.004095
-0.007854
-0.017528
0.031017
0.000962
-0.017159
-0.018307
-0.006769
-0.033623
0.014815
-0.001828
-0.015070
0.020190
0.010079
-0.038076
-0.036224
-0.018491
0.001470
-0.025373
-0.015582
-0.028594
-0.035210
-0.000535
0.005336
0.008610
0.058152
0.010026
0.010568
0.034571
0.037690
-0.002263
0.003511
-0.002204
-0.013857
0.004325
-0.010262
0.006079
0.012149
-0.004032
0.032214
-0.009466
0.032032
-0.007652
-0.010098
0.005966
-0.000548
0.006950
0.003374
-0.000266
-0.000750
0.013045
0.030467
-0.021290
0.019523
0.035773
-0.025831
0.004585
-0.029800
-0.027738
-0.022052
-0.046203
0.000796
0.039717
0.034098
-0.006039
-0.002057
-0.015188
0.038529
0.000630
-0.003874
0.011522
0.026257
-0.002860
0.023786
0.011574
-0.003232
0.000215
-0.010768
0.000474
-0.012724
-0.023574
-0.020559
-0.013576
0.013759
0.003701
-0.019076
-0.032990
0.024502
0.031280
-0.009187
-0.031470
0.026918
0.048641
0.024957
0.007929
-0.018844
0.021336
-0.000602
0.012139
0.021105
0.022502
0.016871
0.011313
0.006364
-0.001100
0.012220
0.006816
-0.007259
-0.008985
-0.011954
0.000056
-0.012656
0.002954
-0.020265
0.002074
-0.026173
-0.023293
0.024640
0.000629
-0.005820
0.022766
0.020259
-0.005748
-0.013743
-0.004583
-0.052192
-0.015651
-0.027551
-0.038342
0.012348
-0.000142
-0.033748
-0.041441
-0.007171
0.004636
-0.011029
0.007882
0.020776
0.003045
-0.005058
0.029456
0.019723
-0.000061
0.011200
0.014378
0.024100
0.053019
-0.006935
