0.009826
0.002016
-0.016663
0.005007
0.020674
-0.018387
-0.011814
-0.003441
-0.021897
0.014281
-0.011888
-0.015215
0.034027
0.004157
-0.033880
-0.007047
-0.006928
-0.005939
-0.006141
-0.015320
-0.000768
-0.012692
0.011773
-0.036757
0.023989
0.029962
0.015843
-0.007496
0.032557
0.023115
-0.022230
-0.013291
-0.017019
0.030947
0.008137
-0.013465
-0.005491
-0.030425
-0.007722
0.006893
-0.029871
-0.009840
-0.019837
0.001881
0.014905
0.001000
0.022037
0.006217
0.006901
-0.011417
0.006404
0.010341
0.005634
0.007392
0.002535
0.017746
0.004669
0.003539
0.020489
0.007569
0.010443
-0.005109
0.002827
0.038372
0.014164
0.004122
-0.004598
-0.037644
-0.023979
-0.010341
0.004957
0.017784
-0.011591
-0.014889
0.000501
0.010406
0.021917
0.001892
0.016339
-0.016844
0.020700
-0.011598
0.016360
0.015367
-0.014604
-0.005817
0.008561
-0.000887
0.025084
0.021274
0.001614
-0.005092
-0.027434
0.015517
-0.016227
0.024090
0.036562
0.016489
0.018425
-0.001111
-0.004601
-0.006611
-0.027059
0.015085
0.023880
-0.009849
-0.012087
-0.036153
0.033553
0.016496
0.005755
0.001655
0.008441
0.022516
-0.000931
0.007210
0.009617
-0.021913
-0.001214
0.010813
0.033212
0.011331
-0.007900
-0.018031
-0.011530
0.010122
0.033741
-0.011884
0.006723
0.002312
0.015323
0.025181
0.003223
-0.016695
-0.026139
-0.013933
-0.017617
0.017353
-0.009997
-0.022935
0.001942
0.014955
-0.003999
0.012265
-0.019902
0.003551
-0.008962
-0.014361
-0.022361
-0.017420
-0.007806
0.000288
0.004609
0.010243
0.015170
-0.014833
-0.027161
