0.091979
0.051460
0.040484
0.131720
0.174440
0.147263
0.137374
0.099247
0.118902
0.222889
0.207202
0.163682
0.165782
0.142247
0.172046
0.242797
0.157916
0.226701
0.165309
0.186520
0.215467
0.170322
0.261376
0.227827
0.258942
0.262359
0.259297
0.169177
0.310792
0.171115
0.156886
0.174143
0.176430
0.195924
0.191760
0.094488
0.194049
0.171804
0.192983
0.194399
0.158458
0.194194
0.207917
0.229104
0.132734
0.174492
0.196891
0.178845
0.164170
0.168851
0.140902
0.123903
0.094681
0.116124
0.089636
0.046836
0.069739
-0.003924
0.007923
0.084152
0.005892
-0.008628
-0.061625
0.042790
-0.056434
-0.026334
-0.002525
-0.051769
-0.089158
-0.031366
-0.044317
