-0.013198
0.013157
-0.004717
-0.021737
0.004240
-0.011863
-0.003058
-0.046043
-0.002634
0.004983
-0.019325
0.016566
-0.009671
-0.028787
-0.018053
-0.015369
-0.034809
-0.001086
-0.009713
-0.005768
0.011783
0.028592
0.014670
0.014062
0.002230
-0.003299
0.012210
-0.005745
-0.006412
0.000405
-0.001618
-0.007802
-0.015037
0.000623
0.002914
-0.000502
-0.007831
0.009645
0.009910
-0.013246
0.005001
0.008115
0.002126
0.002843
0.014198
-0.005516
0.004788
-0.000957
-0.010428
0.003390
0.022301
0.004434
0.005180
0.007525
-0.004746
-0.007093
-0.018544
-0.016096
-0.003124
-0.015829
0.002860
0.015206
0.003289
0.020195
-0.014459
0.013864
-0.002943
-0.007493
0.001559
-0.007457
0.006259
0.007971
0.012213
0.014617
0.002196
-0.000947
0.001583
-0.004499
0.003177
0.004407
-0.007341
-0.009930
0.002629
0.000906
0.018402
-0.002036
-0.005810
-0.003870
-0.004982
0.010672
0.007746
-0.028488
-0.007133
0.006185
-0.001851
0.009244
0.010957
0.027755
0.028237
0.024850
0.004421
-0.004757
0.019180
0.017097
-0.007658
0.010678
0.002615
-0.004897
0.007418
-0.005821
0.006083
0.038603
-0.006036
-0.015494
-0.003922
0.000633
0.008869
0.000338
-0.001463
-0.023104
0.008818
0.009952
0.021490
-0.001268
0.012540
-0.019207
0.006735
-0.010703
0.000290
0.001348
0.016544
-0.007691
-0.009546
-0.009520
-0.013021
0.006450
0.010678
0.032612
-0.006524
-0.017025
-0.010082
0.011031
0.006632
0.015809
-0.012290
0.004511
0.012881
0.008261
0.008259
0.018425
0.003870
-0.015905
-0.007103
-0.007978
0.004548
0.001800
0.016731
