-0.048095
0.004158
-0.035645
0.030738
0.049332
-0.040681
0.032079
-0.005730
0.012763
-0.014283
0.010235
0.029882
0.003603
0.071050
0.001334
-0.013306
-0.014775
-0.025092
-0.018163
0.022587
0.059823
-0.031308
-0.026127
-0.008401
0.027229
0.073663
-0.011974
0.006722
-0.034225
-0.025014
0.027348
0.012595
-0.068586
-0.047617
-0.065159
-0.010174
-0.007872
-0.030605
0.053653
0.002796
-0.008410
0.023237
-0.035339
-0.062030
0.072800
0.064405
0.041533
-0.048409
-0.017764
-0.052730
-0.007624
-0.062972
0.008459
-0.017522
