-0.003864
-0.010423
0.012207
-0.015011
0.005090
0.001134
-0.011587
-0.028042
-0.000066
0.010183
-0.003018
-0.008661
-0.024326
-0.008391
-0.021605
-0.007980
-0.028241
0.002367
-0.009773
0.006149
-0.009636
-0.008114
-0.005922
0.003127
-0.016523
-0.001719
-0.002179
0.008616
0.006337
0.006096
-0.006729
-0.011515
0.001125
0.011114
-0.006965
0.009187
-0.007711
-0.009908
0.002567
-0.012649
-0.007629
0.000190
-0.006514
-0.010421
0.027781
0.005931
0.002205
0.013327
-0.003224
0.005121
0.007942
0.001546
0.002945
0.002083
0.000073
-0.014464
-0.001869
0.007478
0.025580
-0.008254
0.010041
0.003212
-0.007475
-0.001229
-0.008788
-0.004761
0.003417
-0.004443
0.009025
-0.003587
0.025596
-0.010478
-0.021111
0.017426
0.011508
-0.001937
0.005111
0.008180
0.001936
-0.014216
-0.015034
-0.003625
-0.014595
0.009864
0.007705
0.003868
0.001870
-0.005987
0.005236
0.000717
0.023711
0.009599
0.010916
0.003891
-0.010172
0.016930
-0.002156
0.018471
0.017661
0.010613
0.006470
0.006099
-0.003174
0.006165
-0.000825
-0.006100
0.018160
0.015407
0.007084
0.003819
0.014310
0.010418
0.022239
-0.004381
0.007858
0.003020
0.008788
-0.005220
0.007778
0.005063
0.022127
0.011242
-0.000815
-0.003552
0.008759
0.000348
0.002532
0.009695
0.002040
0.000079
0.020818
-0.015709
0.014319
0.014899
-0.017228
-0.004946
0.006535
0.000303
0.010509
0.000758
-0.000895
-0.008066
-0.006757
0.016761
0.021469
0.024754
0.018742
0.024355
-0.001120
-0.006094
0.009526
0.000671
-0.000445
0.012301
0.001620
0.005679
0.003689
