-0.058508
-0.029563
-0.011198
0.018748
0.010277
0.018733
-0.012197
0.011258
-0.070641
-0.007436
0.037751
-0.041281
-0.041004
-0.056759
-0.012620
-0.001786
0.014535
-0.044812
0.001018
-0.022723
-0.026411
0.074981
0.061373
-0.070016
-0.020444
0.029202
-0.020245
-0.055832
0.005388
0.008076
-0.010594
0.015770
0.038851
-0.005368
-0.019784
-0.018714
-0.006795
-0.037952
0.059529
-0.012727
0.058912
-0.034818
0.008581
0.045846
-0.089147
-0.031900
-0.023056
-0.028648
-0.021618
0.008923
0.040266
0.023972
-0.019518
-0.051886
0.053678
-0.008049
-0.031071
0.038573
0.024116
-0.010001
-0.092277
0.036632
0.032540
0.025181
-0.010436
0.011278
-0.000443
0.022349
-0.004548
-0.071186
0.024026
0.046013
-0.016252
-0.023401
0.029157
-0.010598
-0.021545
-0.001303
-0.026778
-0.007014
0.063609
0.001302
-0.016827
0.029410
-0.019510
-0.011921
0.052352
0.016093
0.009879
0.040350
-0.022961
-0.003993
-0.011321
0.015922
-0.026494
0.041663
0.005627
-0.004993
0.011642
-0.005869
-0.024381
0.021168
-0.012946
-0.021634
-0.028784
0.035286
-0.016924
0.002088
-0.016928
0.022093
-0.018252
0.070766
-0.053162
0.004587
0.023727
0.002948
0.005130
-0.025484
-0.042974
0.022142
-0.012837
0.023943
-0.000245
0.035923
0.018581
0.020841
-0.040397
0.030640
-0.009037
-0.053423
-0.007417
0.055695
0.000674
0.041957
0.002355
-0.037181
-0.002820
-0.010940
0.057600
-0.003394
-0.009726
0.018124
-0.004343
-0.022655
-0.005001
0.024267
0.036784
0.029460
-0.017102
0.041177
0.032155
0.015677
0.027760
-0.009052
0.049287
-0.004635
