0.001719
-0.000592
-0.012037
-0.025150
-0.017737
-0.018111
-0.004288
-0.000249
-0.005656
-0.005012
0.006078
0.010546
0.016273
-0.001747
0.002366
-0.008910
-0.011608
0.010808
0.011969
0.017805
-0.002667
-0.009934
-0.011805
-0.012603
0.009845
-0.002532
-0.002370
-0.002035
0.009453
-0.000150
-0.002518
-0.002343
0.007698
0.001634
-0.006679
0.001345
-0.009654
-0.004958
0.001831
0.002469
-0.004768
-0.014304
-0.006203
0.004930
0.001654
-0.004374
-0.003704
-0.006056
-0.018610
0.005175
-0.003435
-0.005139
-0.001137
-0.003129
-0.004781
-0.004127
-0.003193
0.006780
0.002514
0.014664
-0.003793
0.003939
0.004250
0.006944
-0.001284
-0.000615
0.007004
0.008408
-0.004237
0.015251
-0.002516
0.018076
0.006500
0.001874
0.011223
0.007857
0.006093
-0.004087
0.008718
0.004887
0.000035
0.006015
0.004015
0.001665
-0.000649
0.005554
-0.001898
0.004217
-0.003589
0.006538
0.009230
0.006126
0.004048
0.002136
0.002654
0.001585
-0.000667
-0.008750
-0.001778
0.003531
-0.003208
-0.009946
-0.004374
-0.003232
-0.001846
-0.014143
0.006452
0.003257
0.010510
-0.000664
-0.003557
-0.009444
0.000878
0.003646
-0.000053
0.017850
0.004843
0.017446
0.007577
-0.000868
0.022330
0.014922
0.012877
0.017877
0.007405
0.008194
0.016386
0.009113
0.009335
0.021928
0.011634
0.011799
0.014738
0.014650
-0.001780
0.010921
0.009978
-0.000815
0.009369
0.007547
0.000986
0.014797
0.012065
0.014079
0.026641
0.010624
0.003136
0.003916
-0.002692
0.004309
-0.006457
0.004237
0.026305
0.033160
0.025151
0.035555
