0.012062
-0.012035
0.018410
0.028614
0.011645
0.019614
0.006039
-0.015146
0.009342
-0.003484
-0.014894
-0.013500
0.004785
-0.027236
-0.034743
0.011725
0.022947
-0.001780
-0.004420
-0.043280
-0.040966
-0.006963
0.000957
-0.003726
-0.026296
-0.017275
0.016989
-0.048894
-0.019794
-0.009831
-0.022870
-0.010815
0.020847
0.011968
0.018705
0.001017
-0.002428
0.028885
0.010372
-0.033019
0.011822
0.006047
-0.002355
-0.012634
-0.014059
-0.007718
0.000050
0.011769
0.005772
-0.031289
-0.000773
-0.041615
0.006743
-0.008103
-0.016636
-0.024699
0.023575
0.000946
-0.014971
0.012332
0.011719
-0.017771
-0.015593
-0.013293
0.000371
0.011430
0.016233
-0.010271
0.002299
0.008444
0.022638
0.041704
-0.008935
0.042238
0.016287
0.020546
0.012297
0.006300
0.036554
0.028840
0.025960
0.008234
0.007965
0.002054
0.001450
0.009152
0.023100
0.010577
0.012742
0.030689
0.027632
-0.004055
-0.012366
-0.009800
-0.001969
-0.009207
0.036883
-0.019277
-0.024926
0.009745
0.021599
0.022957
0.004723
-0.029577
-0.040785
-0.000354
-0.019171
-0.009914
-0.005292
0.024173
-0.009822
0.009696
0.015294
0.031241
0.007631
-0.003180
0.012350
-0.009252
0.004134
0.013744
-0.000346
-0.000204
0.029980
-0.012349
-0.002148
0.009207
0.030552
-0.022351
0.003833
0.016082
0.007204
0.035297
0.023135
0.000672
-0.045940
0.005846
0.013556
-0.017762
-0.034234
-0.019537
-0.010415
-0.000598
0.000613
0.032587
0.025127
0.039073
-0.006411
0.005823
-0.007619
-0.005655
0.016456
0.031737
0.020016
0.026705
0.003699
-0.007485
0.025529
