0.019808
0.034025
0.017760
-0.007981
-0.020392
0.037106
0.000286
0.028213
-0.022655
0.031474
0.035222
-0.033180
-0.003137
-0.013518
0.020026
-0.021156
0.003624
-0.007786
0.018406
0.010193
-0.054158
-0.062685
0.032035
0.004874
-0.040030
-0.009458
-0.039893
0.037034
-0.017371
-0.030739
0.002796
0.018799
-0.008604
-0.024845
-0.000735
-0.018541
-0.042686
0.027478
0.016478
-0.017577
0.022070
-0.025443
0.049895
0.058584
0.024464
0.009692
0.005824
-0.002965
-0.019072
-0.016350
-0.022790
0.000093
-0.000261
0.002200
-0.036445
-0.018908
0.026464
0.052368
0.015931
0.052477
0.007395
-0.007853
-0.010645
0.002167
-0.021804
-0.015023
0.017717
0.008693
-0.017992
-0.002319
0.078461
0.020044
-0.026275
-0.013286
-0.080305
-0.053385
-0.024529
-0.038589
-0.010259
-0.047249
0.021826
0.017566
0.009893
-0.003069
0.021073
-0.022309
0.052817
0.014710
-0.007547
0.071377
-0.008958
-0.001724
-0.010245
0.010035
0.015145
-0.011464
-0.015883
-0.009712
0.025403
-0.003124
-0.005410
-0.046316
-0.038708
-0.014644
0.018379
0.000456
0.058787
-0.009251
0.017246
0.043189
0.029579
0.031026
0.018469
0.024269
0.017599
-0.013724
0.041023
0.000591
0.028405
0.028873
-0.061468
-0.057192
0.007354
0.001727
-0.049178
0.020639
-0.003543
0.040909
-0.047748
0.070250
0.050280
-0.031668
-0.023778
-0.012051
0.010691
-0.011921
0.011473
-0.051755
-0.007032
-0.001647
0.018358
-0.003986
-0.007101
-0.012262
0.024835
0.028992
0.032300
0.054645
0.080037
-0.044450
0.010770
-0.000374
-0.040369
0.007642
0.020079
0.002569
0.010566
