-0.043215
0.012821
-0.005257
-0.037323
-0.010564
0.030586
-0.023492
-0.007047
-0.043356
-0.032747
0.013069
-0.029116
-0.000257
0.012332
0.003756
-0.034678
-0.004319
0.003548
0.015281
0.028771
-0.000474
-0.009772
-0.044035
-0.003225
-0.009748
-0.009399
0.037894
0.008296
0.016762
-0.047575
-0.043974
-0.011214
-0.021635
-0.017962
0.052879
0.024312
0.011555
0.021974
-0.017048
0.009196
0.035204
0.009441
-0.011896
-0.001444
-0.044609
-0.058909
-0.003404
0.013429
-0.037888
-0.002975
-0.008413
0.014853
0.003404
0.018768
0.000289
-0.002306
0.021207
0.011556
-0.034132
0.011591
-0.006045
0.010045
0.004346
0.021694
0.026984
0.003784
-0.025724
-0.001690
-0.024289
0.007787
-0.012269
0.012513
0.004073
-0.007524
-0.015330
0.018417
-0.006806
-0.008159
-0.002654
0.004889
0.039634
-0.002151
-0.003792
0.004032
0.021007
0.015915
0.039184
-0.034182
-0.012944
0.021851
-0.018278
0.025965
0.024976
0.044015
0.031905
0.006026
0.038642
0.000018
0.001798
0.008801
0.005674
0.046649
0.063913
0.035372
-0.001222
0.026306
-0.000791
-0.006016
-0.019088
0.022030
-0.008385
-0.002102
0.016145
-0.039518
-0.006103
0.021924
0.021955
-0.006842
0.000955
0.035898
-0.024550
0.014900
0.032788
0.001638
0.011946
0.035351
0.024729
0.006541
-0.022374
0.004879
0.021842
0.017801
-0.056146
0.016435
-0.002737
0.051783
0.019611
-0.019928
-0.024902
-0.002154
0.014596
-0.009115
-0.028473
-0.033959
-0.009787
-0.033272
-0.002614
0.023149
-0.003388
-0.040053
-0.070168
-0.004939
0.010966
-0.021840
0.026321
0.031280
-0.011625
