-0.046478
-0.012762
0.053584
-0.009058
-0.002785
0.084554
0.056668
0.002202
-0.014627
-0.024517
-0.016889
0.036075
-0.010382
-0.006042
0.015608
-0.029470
0.006913
-0.010400
0.022878
0.017939
-0.064166
-0.056851
0.078404
0.002584
-0.043355
-0.019803
-0.004380
0.007125
0.003750
0.032185
0.038190
0.006948
-0.089878
-0.073381
0.012742
0.027511
0.011394
-0.020790
-0.018401
0.069429
0.033526
-0.015673
-0.009023
0.014406
0.016600
0.003553
-0.057807
-0.028266
0.018535
-0.079983
-0.015926
0.031923
-0.009434
-0.008182
0.004322
0.032191
-0.018244
-0.054201
0.056554
-0.022024
-0.037170
0.058977
0.016141
0.000953
-0.013927
-0.056286
-0.036616
-0.030477
0.040043
-0.003504
0.050044
0.035937
0.032434
0.042201
-0.023521
-0.017213
-0.005392
0.065674
0.052299
0.055742
0.008975
-0.024976
-0.031031
-0.025911
-0.001047
0.029667
0.028481
0.048238
0.015027
-0.034960
-0.022289
0.011944
0.042067
0.007227
-0.008568
0.002658
0.013870
0.002097
0.027004
-0.017483
-0.012668
0.034463
0.029564
0.016192
-0.001217
0.006436
-0.018139
-0.006430
0.065198
0.009874
0.027695
-0.010723
-0.051081
-0.015306
0.005959
0.004468
-0.029782
-0.003873
0.006168
0.037413
-0.005427
0.050239
0.043661
-0.001336
-0.015718
-0.015400
-0.059088
0.044852
0.036610
0.053094
0.047184
0.052707
-0.020052
0.037696
-0.037443
-0.013075
0.018931
-0.004211
-0.020506
-0.002934
0.009945
-0.014930
0.060954
0.054437
0.050557
-0.057904
-0.049542
0.041162
0.050956
-0.071196
0.008586
0.041094
0.007871
-0.033040
-0.031882
-0.007926
0.039829
