0.221666
0.281508
0.278441
0.349666
0.403704
0.379843
0.381274
0.398025
0.333924
0.334247
0.377213
0.330530
0.340316
0.322269
0.277448
0.265029
0.249017
0.135520
0.180440
0.154012
0.049581
0.067818
0.011978
0.033239
0.079657
0.070693
0.062108
0.004392
-0.048354
-0.035204
-0.014011
0.037497
0.043724
-0.009596
-0.018106
-0.006921
-0.035941
-0.040078
0.009527
-0.032989
-0.036489
0.043766
-0.036496
-0.034679
-0.041960
0.025553
0.003230
-0.036725
0.071182
0.020208
0.016890
-0.027056
0.017935
-0.034264
-0.049699
-0.016612
-0.031043
0.024440
0.004451
-0.006472
-0.061585
-0.037381
0.011410
-0.056831
-0.000910
-0.119176
-0.031483
0.036127
0.009229
0.069961
0.051123
0.046972
-0.013650
0.056303
0.011685
0.006644
0.081711
-0.053446
-0.031368
0.083414
-0.003431
-0.005504
0.011019
0.022217
0.012874
0.045599
-0.035323
0.050352
0.010215
-0.004549
0.015583
0.040334
0.031734
-0.002725
0.062916
0.003140
-0.030790
-0.029551
-0.055064
0.045510
0.004383
0.034649
-0.036383
0.003891
0.004290
-0.010204
0.024012
0.022123
0.040382
0.028647
0.016293
0.005015
0.031656
-0.028895
-0.018307
-0.082577
-0.068943
0.053017
0.011876
0.080584
-0.046633
0.078115
-0.029972
-0.003979
0.039976
0.008186
-0.041129
-0.003482
0.016399
0.026955
0.019387
-0.098110
-0.029739
0.019472
-0.027382
-0.022573
0.014701
0.082667
-0.017223
0.158454
0.018304
-0.067508
-0.032825
-0.043031
-0.078992
-0.068383
-0.066316
-0.081698
0.006653
0.028083
-0.034295
0.004068
0.081379
0.019803
-0.066024
-0.046755
-0.031420
