0.748451
0.784010
0.787711
0.626553
0.582077
0.505711
0.494281
0.502568
0.461828
0.340242
0.240877
0.239404
0.133640
0.088145
0.148237
0.040060
0.052111
-0.004915
-0.016991
-0.024588
0.011719
0.011919
-0.034618
-0.027926
0.005532
0.019986
-0.069838
-0.108791
-0.028933
-0.043412
-0.064441
-0.036038
-0.008776
0.026595
-0.015793
0.007854
0.004470
-0.099003
-0.008816
-0.003677
0.010504
-0.002269
-0.046808
0.022927
0.026140
0.007755
-0.036697
-0.002250
0.023168
-0.004024
-0.011849
-0.022201
-0.037876
-0.044666
-0.029767
-0.071394
0.024462
0.013402
-0.019226
-0.006759
0.026923
-0.003281
-0.039291
0.001305
0.005556
-0.009471
-0.001906
0.037204
0.013232
0.055420
-0.004756
0.112356
0.054153
-0.009121
0.024166
-0.013191
-0.007078
0.046483
-0.013736
0.013489
0.034437
-0.000891
0.050739
0.012891
0.123681
0.000971
-0.056346
-0.018268
-0.011853
0.001862
0.001095
-0.033265
-0.008094
-0.006883
0.007990
-0.003842
0.019003
-0.016271
0.076657
0.095392
0.054056
0.021391
-0.035159
0.021195
0.034219
-0.042584
0.041257
-0.007664
0.038029
0.021623
-0.064188
0.024302
-0.014672
-0.072340
0.001359
-0.007036
-0.052315
0.066478
0.068559
0.021449
0.003509
-0.015779
-0.051885
-0.013883
0.020488
0.021236
-0.011447
-0.061198
-0.038970
0.007105
0.034753
0.028670
0.012171
-0.045256
-0.052036
-0.033029
0.003157
0.034228
-0.049423
-0.004497
0.055704
0.040743
-0.020617
-0.030929
0.026398
0.011559
-0.032242
-0.032564
-0.049661
0.020207
0.018902
-0.030932
0.040572
0.000410
-0.017789
-0.010890
-0.012087
