0.421837
0.409289
0.392456
0.379265
0.375592
0.326192
0.304930
0.302003
0.279228
0.255469
0.206439
0.201461
0.186874
0.142452
0.146939
0.127013
0.077102
0.102244
0.113013
0.116746
0.092926
0.078122
0.083064
0.062017
0.048647
0.032765
0.050621
0.014135
0.039680
0.011171
0.012991
-0.012400
0.004404
0.005861
0.023602
0.029977
0.003043
0.000727
-0.001285
-0.001738
-0.020519
-0.016799
0.039307
0.027235
0.021196
0.011496
-0.006417
-0.018577
-0.002299
0.012353
0.037037
0.014789
0.009738
-0.007001
0.038383
-0.031182
0.023741
-0.015701
0.003170
0.003825
0.004049
0.017701
-0.011477
-0.019937
-0.030544
0.017600
-0.008565
-0.006274
-0.000787
0.025149
-0.006864
0.019657
0.032865
0.029117
-0.013024
-0.028992
0.004641
0.027879
0.025945
-0.002116
-0.035090
-0.029679
0.014520
0.013304
0.051245
0.012492
0.012413
-0.013646
0.006451
0.012386
-0.018571
-0.007150
0.033340
0.017377
0.006314
-0.003978
-0.007333
-0.021745
-0.023986
-0.017525
0.027809
0.034434
0.006713
-0.007660
0.001492
0.001045
-0.006676
0.009791
0.024849
0.007732
-0.004925
0.006844
0.005979
-0.022078
-0.001597
0.017199
-0.018992
-0.007724
0.027345
-0.001592
-0.030174
0.014020
-0.007117
-0.022484
0.000149
-0.017914
0.005306
0.014955
-0.020320
0.028831
0.043840
-0.021131
-0.009751
0.045323
-0.002714
-0.001407
-0.021349
-0.040143
0.002063
0.019051
0.013601
-0.024007
-0.024103
-0.026386
-0.001162
-0.020010
-0.000401
0.011178
-0.008826
0.015851
0.024891
0.035516
-0.014526
-0.004095
-0.029460
-0.012296
-0.012712
