0.010220
0.027479
0.033525
-0.032432
-0.000562
-0.018655
0.026294
-0.009922
-0.059082
-0.054161
-0.075274
-0.012958
0.004519
0.006487
-0.011743
-0.018961
-0.026232
-0.014921
-0.007297
-0.002830
0.058883
0.038221
0.016532
0.022696
0.039050
0.091707
0.036489
0.076069
0.166873
0.087459
0.156101
0.159448
0.169368
0.284596
0.242782
0.252687
0.269529
0.367812
0.308096
0.338787
0.386219
0.337715
0.311674
0.323607
0.334599
0.312629
0.248761
0.234808
0.193153
0.154868
0.138502
0.150710
0.113678
0.063636
0.062413
