0.346352
0.369819
0.426792
0.436444
0.428305
0.349088
0.458228
0.435952
0.514465
0.488131
0.386547
0.433110
0.363165
0.357747
0.290676
0.187020
0.200180
0.208258
0.145702
0.194289
0.141679
0.085295
0.093645
0.070063
0.029602
-0.004337
0.050255
0.063708
0.027286
-0.043759
-0.048918
0.032923
0.017884
-0.004332
-0.003053
0.083823
-0.021030
0.041121
0.003556
-0.029421
0.010421
-0.013851
-0.015615
-0.079059
-0.020103
0.001722
-0.011056
0.014087
-0.003064
0.050568
0.020474
0.001737
0.016133
-0.000518
0.016420
0.022400
0.011763
0.088018
-0.007546
0.007629
-0.006592
-0.005055
0.001771
0.040597
0.042385
0.036793
-0.015631
-0.040281
-0.065510
-0.037581
0.076395
-0.015031
-0.049164
0.058718
0.074366
0.021140
0.028994
-0.018331
-0.024573
-0.054378
-0.028153
0.020862
-0.026692
-0.045601
-0.022455
-0.000892
-0.004470
-0.021398
-0.004666
0.021209
-0.038348
0.012936
0.038508
0.027484
0.005132
-0.002032
0.014611
0.046429
0.012596
0.030574
0.020730
0.008271
-0.027140
-0.086211
-0.019250
-0.000501
-0.060871
-0.010863
-0.052532
0.008173
-0.049306
0.030232
0.030917
0.002089
-0.043599
-0.009783
-0.102148
-0.008301
-0.067098
-0.071347
0.000288
0.029880
0.004911
0.010526
0.011651
0.033957
0.044336
0.057106
-0.012590
0.074625
-0.001449
-0.036007
0.025477
-0.006759
0.065309
0.035701
0.034939
0.030544
0.023678
0.000239
-0.021040
0.038548
0.008870
-0.025351
-0.003131
-0.035756
-0.010441
-0.001133
0.021143
0.012748
0.001338
0.014730
-0.050463
0.012724
0.045164
-0.023473
-0.030333
