-0.012991
-0.013999
0.025585
0.005130
-0.007961
-0.010995
0.015729
0.005562
-0.002264
-0.002055
0.002643
-0.005881
0.003269
-0.018765
0.030475
0.003855
-0.028308
0.010236
-0.026601
0.004189
0.028348
0.001736
-0.009639
0.025272
0.000587
-0.019960
-0.026685
-0.003049
-0.004725
0.010541
0.019496
-0.020779
0.006964
0.016053
0.002106
0.005238
0.030216
-0.004058
0.044069
0.005131
0.037326
0.047454
-0.010033
0.017001
-0.008205
-0.020180
0.001407
-0.003844
-0.014779
0.010759
0.019791
-0.018824
-0.011156
0.003903
-0.010491
0.017050
-0.034608
0.009598
-0.000660
-0.007131
-0.016533
0.014587
0.023234
0.005065
-0.053241
-0.044264
0.002275
-0.030245
0.022579
0.004549
0.019400
0.017021
0.001912
-0.015441
0.015182
-0.011972
-0.017071
-0.004088
-0.036561
0.026025
-0.024077
-0.007014
-0.018120
-0.013578
-0.006334
0.025941
0.039937
0.026625
0.003066
-0.008161
-0.018639
-0.011808
-0.008773
-0.039201
-0.007024
-0.050581
-0.009635
-0.019038
-0.002572
0.000810
0.010533
0.012949
0.009393
0.030876
0.002806
-0.020300
0.047710
0.021218
0.014015
0.024501
0.027854
0.023524
0.054420
0.044584
0.036808
-0.013515
0.012455
0.028710
0.043799
0.047763
0.046938
0.067576
0.068919
0.085238
0.115066
0.108174
0.142453
0.173499
0.171333
0.198860
0.228089
0.205750
0.234049
0.333744
0.343168
0.364865
0.371861
0.368058
0.468587
0.505349
0.505087
0.493787
0.544729
0.527479
0.572741
0.558385
0.514122
0.535515
0.526550
0.493752
0.438908
0.463471
0.411674
0.363403
0.340193
0.304668
