-0.017662
0.021095
-0.005841
0.009946
0.023623
-0.052872
0.033179
0.039892
-0.060395
0.059404
0.023008
-0.003678
-0.003877
0.032135
-0.005376
0.025149
0.015559
0.026316
-0.024668
-0.039255
-0.006885
-0.001182
0.008221
-0.040650
-0.001749
-0.024016
0.021771
0.000503
0.115065
0.020339
-0.000342
0.012310
0.031509
0.022028
-0.048299
0.012803
-0.012087
-0.046634
-0.016724
-0.016608
-0.038167
0.009974
0.007158
-0.044657
0.042845
0.062605
0.008579
-0.010576
0.038258
0.009585
0.020421
-0.012187
0.026536
-0.010271
-0.039855
0.027146
0.022151
0.049035
-0.016585
-0.036649
0.037250
0.049393
0.049918
-0.019937
-0.038624
0.043031
0.076870
