0.049697
0.109722
0.060110
0.105931
-0.035638
0.019098
-0.028619
0.056974
0.007664
-0.045684
0.032711
0.049849
0.008920
0.010831
-0.000494
0.035610
0.035818
-0.002695
0.013140
-0.008606
-0.042827
-0.001887
0.033527
0.002428
0.005474
0.003487
0.039885
0.022511
0.075979
0.013508
-0.025615
0.034411
0.088744
-0.030808
-0.045231
-0.000211
0.059204
-0.014502
0.019269
-0.014510
-0.012464
0.013126
-0.030713
-0.001080
-0.024827
-0.008508
-0.080189
0.019669
-0.025564
-0.102990
0.042799
-0.010649
-0.045858
-0.024940
-0.022044
-0.011627
-0.002333
0.110643
-0.062816
0.013158
0.063333
0.026556
0.018526
-0.063238
-0.066868
0.001096
0.045163
0.029613
-0.053338
-0.016521
-0.031048
-0.084413
-0.007070
-0.015529
0.004332
-0.065408
-0.014733
0.042363
0.030393
-0.018674
0.038707
0.047310
-0.042847
-0.015741
-0.085362
0.003440
0.043668
0.003684
0.022285
-0.000240
0.021424
0.011228
0.044040
-0.069930
-0.050304
-0.030962
0.009598
-0.029500
0.067349
-0.025605
-0.017804
-0.021961
0.007509
-0.007407
0.021457
0.009244
-0.000639
0.043273
0.000381
0.003145
-0.013741
0.048272
0.060355
-0.010893
0.011140
0.000774
0.002603
0.002057
0.009167
0.024437
-0.008389
-0.035683
0.049224
0.043527
-0.051859
0.016766
0.069075
0.015779
-0.019954
0.005786
0.106621
0.022677
-0.005105
-0.042271
-0.021889
-0.021760
0.100537
-0.003366
0.005896
0.061352
0.082237
0.079486
-0.009554
-0.051599
0.036721
0.017685
-0.032240
0.012170
0.004982
-0.040123
0.000676
-0.031833
-0.040203
-0.028159
-0.012008
-0.084628
-0.007119
