-0.035470
-0.046753
-0.026263
-0.012485
0.010199
0.029353
-0.021756
-0.013508
0.026513
-0.008588
-0.014956
-0.045819
0.004128
-0.046399
-0.007567
-0.027240
0.025443
-0.002700
-0.009323
-0.039317
0.048116
0.040337
-0.052899
0.017389
0.002617
0.027197
0.006455
-0.024026
-0.023998
0.013217
-0.050021
0.016954
0.015457
-0.008436
0.025124
-0.018490
-0.039130
-0.055588
-0.007430
-0.012991
0.010571
-0.029397
0.026523
-0.026371
-0.029842
-0.003837
-0.001809
-0.015275
-0.024738
0.019191
-0.011073
0.010357
-0.024916
-0.026942
0.036589
0.020088
0.004942
0.011118
0.019249
0.005203
0.045853
0.014505
-0.041338
-0.036962
-0.029592
-0.020402
0.012308
0.023861
-0.045363
0.028295
-0.019661
0.020324
-0.025270
-0.023915
-0.000760
0.004530
0.024860
0.060051
-0.017776
0.013738
-0.018005
0.009572
-0.072188
-0.058221
-0.001772
-0.005209
-0.014540
-0.000594
0.021366
0.047700
-0.000137
0.047120
0.061520
-0.047797
0.070495
0.099217
0.022386
-0.014321
0.036238
0.061462
0.005374
0.048990
0.001723
0.001670
-0.038474
-0.024858
0.008483
-0.015215
0.005553
-0.069067
0.000767
0.067192
0.031291
0.036487
-0.031353
0.015692
0.048282
-0.012137
0.056991
0.039769
0.019614
0.000191
-0.035022
-0.039710
0.003379
-0.022940
0.017489
0.032499
-0.029643
-0.008880
0.006197
0.033855
-0.001562
0.023878
0.005498
0.018966
0.023222
0.001891
-0.017049
-0.078726
-0.035198
-0.017571
0.013893
0.018423
0.023491
0.006528
-0.036696
-0.003864
0.006542
-0.009282
0.013590
0.028037
0.019377
0.003444
0.002784
-0.013347
-0.068760
