-0.056541
-0.013211
-0.023870
-0.027902
-0.001519
-0.056857
0.017017
0.012658
-0.026752
0.003596
0.027136
0.025477
0.020547
0.037844
-0.010511
-0.010198
0.033977
0.034983
0.003847
0.032672
0.027982
-0.062969
-0.044002
-0.032597
-0.016755
-0.007376
0.002376
0.005467
0.078091
0.002438
-0.027370
-0.006643
0.050150
-0.027693
-0.003821
0.002808
-0.002172
-0.000356
0.010127
0.015876
-0.041155
0.002113
-0.025218
-0.002775
0.025842
-0.014949
-0.065540
-0.005356
0.050466
0.034689
-0.022602
-0.028352
-0.025825
0.009864
-0.049453
0.007186
-0.009442
-0.029209
-0.009603
-0.048271
-0.058745
0.032070
-0.033787
-0.005810
0.022851
-0.003249
0.017933
0.008512
0.062200
0.001339
-0.030867
0.035988
-0.022324
0.041071
0.006065
-0.016490
-0.043428
-0.026589
-0.010893
-0.007838
-0.006553
0.016201
-0.016296
0.020462
0.039373
0.031041
-0.016361
-0.040829
-0.004411
0.003230
-0.028229
0.025689
0.043433
-0.022421
-0.026128
-0.033546
-0.009852
-0.011806
0.030142
-0.024664
-0.000444
-0.018845
0.030183
0.018415
0.025840
-0.024328
0.030959
-0.002107
-0.010295
-0.027238
-0.022573
0.045518
-0.013223
0.011198
0.007838
-0.005702
-0.020114
0.050066
-0.031035
-0.000505
0.015004
0.031417
0.050665
0.033247
0.060839
0.079792
0.110819
0.082718
0.135427
0.105003
0.163387
0.203776
0.238465
0.246374
0.244678
0.263480
0.271399
0.303216
0.311611
0.284800
0.305953
0.299610
0.234189
0.236019
0.199043
0.193191
0.170560
0.136402
0.111862
0.098343
0.092849
0.044002
0.036010
0.029140
0.050408
0.059395
