0.017383
0.027356
0.082437
0.020132
-0.016649
0.005651
0.001222
0.023643
0.031143
-0.002376
0.016759
0.032029
0.053128
0.037357
0.062489
0.010287
0.018917
0.029169
0.010532
0.008362
-0.000873
0.011229
0.028088
0.019530
0.003085
-0.000660
0.048242
-0.009629
0.077194
-0.006198
0.023814
-0.031656
0.039744
0.074678
0.010358
-0.004522
0.051449
0.020982
-0.013270
0.027274
0.004176
-0.027594
-0.022536
-0.053979
-0.017232
0.024529
0.036315
-0.007031
0.036123
0.050112
-0.004594
-0.019447
-0.038798
-0.007233
-0.020938
-0.057376
0.017751
-0.002229
-0.040489
-0.031292
0.009937
0.057826
0.012248
-0.017396
0.003783
0.012303
-0.031219
-0.050929
-0.011191
0.042931
-0.017784
-0.057303
0.010915
-0.018547
0.027549
-0.016739
-0.018012
-0.012831
0.060804
