-0.027930
-0.000599
0.005741
0.064829
0.030347
0.027041
0.012099
-0.008368
0.010971
-0.017942
-0.019494
0.015124
0.005593
0.044750
-0.023134
0.017180
0.037142
0.047569
0.030905
0.062502
-0.001219
0.014452
0.028394
0.030064
0.061236
0.125902
0.104525
0.168737
0.184174
0.194013
0.217915
0.234263
0.309998
0.362313
0.428723
0.436520
0.455103
0.511357
0.462819
0.410861
0.431420
0.354933
0.322715
0.305876
0.252331
0.254219
0.193103
0.154839
0.086823
0.116260
0.106708
0.032514
0.051575
0.056022
0.039532
0.026862
0.043912
-0.005468
0.029133
0.046605
