-0.015366
0.014472
-0.058919
-0.022976
-0.056963
0.046185
0.012371
-0.040661
0.076349
0.077146
0.053770
-0.050600
0.006917
0.058194
0.003940
0.042464
0.026464
0.142493
0.035675
-0.021116
-0.001440
0.088022
0.085984
0.111443
0.117132
0.154701
0.122519
0.116725
0.106581
0.100659
0.151905
0.121763
0.219138
0.129006
0.169092
0.189122
0.040014
0.057082
0.069626
0.083914
0.064991
0.057446
0.065251
-0.002545
-0.034985
0.011298
0.005919
-0.013602
-0.076095
-0.036635
-0.055650
-0.002945
0.004730
0.017132
-0.019685
-0.042236
-0.019388
-0.066940
-0.013962
-0.003598
-0.077449
0.017957
-0.010353
-0.006948
-0.011411
-0.135108
-0.046154
-0.003854
0.042815
-0.103470
-0.009674
0.058379
0.024834
-0.006119
-0.098314
-0.042422
-0.017121
0.013317
-0.039956
-0.022000
-0.067378
-0.048385
-0.131696
-0.030223
0.000384
0.053897
-0.070574
-0.053159
-0.068015
0.019403
0.110861
-0.009250
-0.035617
-0.092693
0.016316
0.011995
0.050351
0.044594
-0.015245
-0.049846
-0.085569
-0.009384
0.009162
0.035447
-0.013896
-0.038305
0.022493
-0.007227
0.069453
0.020244
0.040393
0.101679
0.017986
0.004426
0.107441
0.070416
0.031945
-0.047552
0.032243
-0.033217
-0.005962
-0.013361
-0.040247
0.021904
-0.027416
-0.062668
0.005692
0.073507
0.000659
-0.005967
0.011106
-0.058915
-0.037296
-0.043888
0.056480
0.037583
0.013604
0.020588
-0.064134
0.028547
0.033395
-0.088107
-0.019084
0.056071
0.081554
0.043660
0.010049
-0.026508
-0.016975
-0.088009
0.018000
0.005950
0.027657
0.015262
0.034988
0.068272
-0.043112
