-0.005374
0.025880
-0.054535
0.002719
0.011778
-0.027298
-0.000551
-0.022269
0.010283
0.032287
-0.040223
-0.014501
0.021739
-0.068066
0.000080
-0.007686
-0.007882
-0.004284
0.030796
-0.010382
-0.007339
0.042577
-0.012592
0.011064
-0.028365
-0.003542
0.035550
-0.029316
-0.000720
-0.063988
-0.048874
0.020901
-0.017839
-0.013922
0.028853
0.009825
-0.009538
0.027971
0.047618
-0.018054
-0.011493
-0.015963
0.031537
-0.004593
0.014254
0.005053
0.023008
0.080007
0.040320
-0.013540
0.010863
0.027044
0.003130
0.016882
-0.005434
-0.002700
0.035136
0.033053
0.002152
0.002249
0.007840
-0.001519
0.032435
-0.005567
-0.020821
0.033338
-0.041267
-0.000300
0.065704
0.056435
-0.015563
0.026920
0.041154
0.013680
0.023317
0.030813
0.048467
-0.001064
-0.005762
0.037445
0.026022
0.066194
-0.054843
-0.060767
-0.054357
-0.001033
-0.011097
-0.018705
-0.083117
0.025615
0.043711
0.012141
-0.028144
0.005505
0.007772
-0.010942
-0.004747
0.009505
0.028521
-0.010863
0.043188
0.065287
-0.003551
0.023651
-0.004690
-0.039937
0.002690
0.025124
-0.063298
0.042839
0.019100
-0.034643
-0.067671
0.002374
0.060871
-0.023065
-0.032321
-0.009791
0.019926
0.019160
-0.015298
0.001353
0.006664
0.033159
-0.031601
0.016684
0.046400
-0.036491
0.011074
0.015983
0.041129
0.014107
-0.046237
0.015812
-0.013197
-0.035225
0.014830
0.000705
0.002603
-0.004387
-0.023424
0.022733
-0.041503
0.060649
0.010990
0.030338
-0.011858
-0.015912
-0.032169
-0.023894
0.033554
-0.002846
-0.020522
-0.026087
-0.037090
-0.005415
0.005583
