-0.024021
0.030144
0.016390
-0.023679
-0.025972
0.020378
0.018324
-0.014488
-0.035669
-0.010269
0.043463
0.061868
-0.022173
0.010123
-0.006430
-0.048706
-0.005036
0.006761
0.001905
-0.010829
-0.038561
-0.037076
0.032413
0.011923
-0.031798
-0.020078
-0.001919
0.016105
-0.061139
-0.008256
-0.009356
0.021010
0.026001
-0.009397
0.004749
0.015492
0.022931
0.011167
-0.012659
0.016268
0.005141
-0.045937
-0.040368
-0.015675
0.035781
0.068657
0.055755
-0.045764
0.001526
0.020757
0.041143
0.023009
0.032080
-0.009655
0.007622
-0.014885
0.006645
-0.018347
0.012207
-0.020301
-0.006192
0.016126
0.040010
-0.004574
0.025886
0.031674
0.039363
0.000050
0.011595
0.026361
0.000263
0.007231
0.003376
-0.004067
0.011013
0.027701
0.001929
-0.020197
0.035071
0.007530
-0.014441
0.043115
-0.008495
-0.008446
-0.013733
0.022543
0.017946
0.051423
0.026347
-0.000860
0.009616
-0.062271
0.030980
0.015740
-0.039691
0.011224
0.059118
0.022875
-0.034129
-0.026492
-0.027931
0.010220
0.027479
0.033525
-0.032432
-0.000562
-0.018655
0.026294
-0.009922
-0.059082
-0.054161
-0.075274
-0.012958
0.004519
0.006487
-0.011743
-0.018961
-0.026232
-0.014921
-0.007297
-0.002830
0.058883
0.038221
0.016532
0.022696
0.039050
0.091707
0.036489
0.076069
0.166873
0.087459
0.156101
0.159448
0.169368
0.284596
0.242782
0.252687
0.269529
0.367812
0.308096
0.338787
0.386219
0.337715
0.311674
0.323607
0.334599
0.312629
0.248761
0.234808
0.193153
0.154868
0.138502
0.150710
0.113678
0.063636
0.062413
