0.140684
0.148185
0.100656
0.121240
0.115427
0.096814
0.211282
0.165890
0.202330
0.203403
0.202010
0.166451
0.257827
0.284158
0.255765
0.241444
0.224040
0.292388
0.184983
0.174325
0.134908
0.180792
0.195685
0.160300
0.181811
0.099644
0.044405
0.105098
0.089460
0.010586
-0.018781
0.019192
0.009131
0.036207
0.077096
-0.006631
0.070395
0.016507
0.046335
-0.003588
-0.025774
0.022750
0.078449
-0.019406
0.002467
0.004845
-0.003519
0.010813
0.002267
0.022514
0.039558
0.022058
0.063313
0.024722
0.057766
