-0.050362
0.031547
0.113011
0.107985
0.024109
-0.064559
0.008021
0.002646
0.015527
-0.056671
0.024491
-0.052195
0.073701
0.022572
0.025392
0.035984
-0.042648
-0.007252
-0.042528
-0.039624
0.009844
-0.049441
0.048138
-0.014048
0.029031
0.035941
-0.019917
-0.011142
0.003398
-0.006042
0.068078
-0.021201
0.019207
-0.039089
-0.021503
0.040529
0.037626
-0.033874
0.015305
-0.030584
-0.062948
-0.064714
-0.093185
-0.018802
0.094455
0.024735
0.002054
0.023938
0.024756
0.051234
0.021525
0.090585
0.014192
0.034752
-0.004823
0.025977
-0.057435
-0.060959
0.000784
0.000602
-0.031706
-0.000592
0.037173
-0.018555
-0.037901
0.028542
-0.028442
-0.000413
0.028965
0.009217
0.019892
-0.019062
0.051057
-0.028775
-0.045849
0.012444
-0.038496
-0.034397
0.032831
0.031616
0.037321
0.009166
0.040357
-0.032491
-0.052649
-0.001425
0.027881
-0.015753
0.068603
-0.016269
0.033001
0.042157
-0.056074
0.015413
0.014104
0.042693
-0.015487
-0.032839
-0.050670
-0.078887
-0.029897
-0.098032
0.015493
-0.022511
0.011422
0.022481
-0.055372
-0.041653
0.018204
-0.045221
-0.085650
0.062445
-0.024212
-0.049589
-0.037140
0.038178
-0.025534
0.063282
0.082553
-0.007751
-0.021644
-0.053098
-0.006500
0.016492
0.101621
-0.005401
0.025521
0.010992
0.075538
-0.028635
-0.009543
0.066557
0.010924
0.050085
0.039160
0.020450
0.001419
0.067914
0.059028
-0.051495
0.006941
-0.093057
-0.018851
-0.050021
-0.005601
0.019368
-0.050163
-0.017756
-0.061493
-0.017005
0.077420
0.026293
0.015247
-0.031885
0.003673
0.017567
0.039481
