0.009885
-0.022599
-0.007525
-0.025575
-0.001466
0.078792
0.039918
-0.028937
0.021233
-0.029687
-0.032218
-0.016740
0.039372
0.032051
0.021281
0.041370
0.046190
-0.012995
0.029199
0.028911
0.040399
-0.032905
0.023373
0.001656
0.039813
0.018271
0.005795
0.075149
-0.047989
0.057117
-0.000551
-0.060762
-0.089689
-0.009649
0.001547
-0.004272
0.002868
-0.053320
0.017254
-0.019997
0.026101
0.033809
0.010525
-0.020141
-0.001164
0.006461
0.017452
-0.051360
-0.042641
-0.000076
-0.068878
-0.035530
-0.004373
0.046147
-0.026274
-0.009653
0.014877
-0.037677
-0.006878
-0.000737
-0.038566
-0.021662
0.031345
-0.025958
-0.029961
0.045550
0.033419
-0.039870
0.006939
0.025832
0.017081
-0.043558
-0.003910
-0.010333
0.010619
0.030283
-0.007143
-0.003375
-0.044278
-0.044238
-0.016586
-0.002837
-0.046835
-0.067640
-0.095638
-0.009779
0.029470
0.072666
-0.044444
-0.006485
-0.027032
0.026246
0.075334
0.001543
-0.065850
0.004596
0.020758
-0.038806
-0.020419
-0.022026
-0.040144
-0.013589
0.045591
0.071156
0.091177
0.018968
-0.021196
-0.020737
0.022395
0.028274
0.004702
-0.020008
-0.026185
0.012509
-0.006065
-0.007981
-0.005163
-0.021701
-0.034510
-0.045901
0.006786
0.051922
0.047095
0.054713
-0.031299
-0.058147
0.037984
-0.010849
0.061633
0.027682
-0.001402
-0.015715
-0.030643
0.050661
0.014643
0.030321
0.047307
-0.075253
0.048914
-0.003815
-0.006964
0.025774
0.044226
-0.023499
-0.028140
0.013011
0.069519
0.014512
0.022782
-0.006361
0.021941
0.038439
0.031992
0.040022
0.017505
0.003490
0.039781
