0.173812
0.141379
0.189477
0.227478
0.214682
0.133985
0.153835
0.275840
0.244708
0.325518
0.172015
0.177621
0.230318
0.201023
0.245668
0.143868
0.122595
0.202532
0.088737
0.117060
0.215016
0.079152
0.074133
0.091123
0.043069
0.061420
0.000577
0.013729
0.042486
0.007779
0.045008
-0.018447
-0.010342
0.018623
0.041223
0.012154
0.070807
-0.022191
-0.014390
-0.058663
-0.064145
0.004360
-0.029256
-0.060937
-0.039455
-0.003270
0.088049
-0.026357
-0.005966
-0.009426
-0.003713
0.007134
0.036385
0.020797
-0.024483
0.053169
-0.049434
-0.015184
-0.008480
0.001735
0.004043
0.010894
0.039143
0.015606
-0.013559
-0.022777
0.002627
-0.016423
0.004077
-0.052713
-0.007470
-0.004993
0.036472
0.049425
-0.005523
-0.010789
0.021614
-0.038189
0.002023
-0.010266
-0.019532
-0.007265
-0.028838
-0.044504
0.015601
-0.019655
-0.054477
-0.018685
-0.021382
0.021105
0.051836
-0.037035
-0.006256
0.039202
0.038185
0.052082
-0.044131
0.011208
0.001881
0.007061
0.045603
-0.037997
-0.039998
0.070232
0.019472
0.023410
0.004414
0.047203
-0.016855
0.004859
0.060112
-0.021135
-0.031559
-0.037446
-0.022141
0.024053
-0.016818
0.032247
-0.010957
0.017796
-0.008875
-0.040106
-0.080144
-0.005873
0.002203
0.049913
0.009201
0.001685
0.058721
-0.011537
-0.032718
0.017418
0.002058
-0.007565
0.011181
0.044476
0.031526
-0.014370
0.057165
0.015457
0.066423
0.046651
-0.040025
-0.003670
0.029858
-0.014003
0.074281
0.002898
-0.034006
0.014177
0.010867
-0.008863
-0.020163
0.002112
-0.012221
-0.048539
-0.000082
