0.037321
0.027640
-0.002732
0.020850
-0.020762
0.031352
0.018383
-0.034302
-0.010467
-0.019637
0.050203
0.100669
0.086542
0.020652
0.002333
0.018238
-0.030694
0.014850
-0.035917
-0.012988
-0.029582
0.040139
0.027198
-0.049992
-0.004883
-0.005140
0.047141
-0.018394
-0.004111
-0.017184
0.055561
0.004009
0.015761
-0.002012
0.039933
-0.009812
0.039429
-0.005103
0.012151
0.002870
-0.031565
-0.037726
0.032652
-0.011555
-0.028096
0.057180
-0.039317
-0.000312
0.046495
0.024958
0.046120
0.032675
0.049659
-0.029524
-0.044640
-0.007884
-0.005057
-0.046063
0.014883
-0.027801
-0.027000
0.009551
0.013743
-0.032640
-0.044028
0.018959
0.047508
-0.067868
-0.067153
0.037731
0.021024
-0.002792
-0.010101
