-0.006746
0.028750
-0.013264
0.045884
-0.018296
-0.037514
0.016501
-0.012285
-0.017163
-0.030599
-0.015879
-0.061782
-0.053429
-0.042207
0.021468
0.011675
0.009879
-0.030687
-0.012797
0.006625
-0.014468
0.012627
-0.041364
0.006441
-0.008065
0.004045
0.026952
0.012610
-0.001465
-0.012896
-0.000444
-0.016106
0.004927
0.019006
-0.014442
-0.031108
0.003486
0.016442
0.027301
0.008661
0.014505
0.043307
-0.013784
-0.000990
-0.006125
-0.018368
0.012850
0.006415
-0.003449
0.010692
-0.028510
-0.013775
0.012911
-0.020288
-0.028974
0.016973
0.019811
-0.024553
-0.044067
0.039381
0.036310
0.023177
-0.013186
-0.003297
-0.028358
0.020142
0.014430
0.008154
0.001646
0.000606
-0.000546
0.019751
-0.005960
0.013413
-0.004525
-0.029234
-0.040607
0.005929
