0.326953
0.436494
0.506984
0.495045
0.379407
0.447631
0.474699
0.445143
0.395134
0.461166
0.360226
0.456950
0.404038
0.331975
0.291982
0.257706
0.195621
0.247102
0.205938
0.175793
0.199479
0.197182
0.096208
0.162615
0.047093
0.050695
-0.002456
0.059336
0.066011
0.007018
0.077147
0.010622
-0.027776
0.027354
0.028034
0.074775
0.049294
-0.025212
-0.040037
-0.007919
-0.047435
-0.062756
-0.056431
-0.089183
-0.059241
-0.072604
0.008403
-0.015470
0.000155
0.034544
0.014369
0.017145
0.038984
0.085736
0.044797
0.066207
0.034253
0.020712
-0.008066
0.074033
0.016630
0.023360
-0.017892
-0.047206
-0.087971
0.044123
-0.003782
-0.017366
0.066391
-0.064904
-0.104190
0.003366
-0.022196
-0.057902
0.012576
0.051873
-0.037318
-0.010079
-0.013948
-0.045047
0.022807
-0.025365
-0.000628
-0.004093
0.067003
-0.027893
-0.061473
0.016763
0.002460
0.037577
-0.075459
0.032644
-0.045668
0.043001
-0.057000
-0.030515
0.103656
-0.017578
-0.027240
0.024755
-0.004936
0.012647
0.021390
0.015624
0.053318
0.021654
0.026926
-0.011433
0.051674
-0.074000
-0.098999
-0.078917
-0.013960
0.016163
-0.111420
-0.020638
0.001423
-0.001929
-0.025260
0.019924
0.039843
-0.000007
-0.006512
0.049368
0.094082
-0.034337
0.045294
0.011717
0.037400
-0.044551
-0.044586
-0.008572
0.000142
-0.005666
0.010458
-0.063816
-0.015629
-0.009801
0.010582
0.026834
0.000913
0.047944
-0.011519
-0.007091
0.035674
-0.044899
0.036189
0.041299
0.070007
-0.032319
-0.060486
0.014730
-0.002696
-0.024983
-0.017755
-0.034637
-0.043136
