-0.015366
0.014472
-0.058919
-0.022976
-0.056963
0.046185
0.012371
-0.040661
0.076349
0.077146
0.053770
-0.050600
0.006917
0.058194
0.003940
0.042464
0.026464
0.142493
0.035675
-0.021116
-0.001440
0.088022
0.085984
0.111443
0.117132
0.154701
0.122519
0.116725
0.106581
0.100659
0.151905
0.121763
0.219138
0.129006
0.169092
0.189122
0.040014
0.057082
0.069626
0.083914
0.064991
0.057446
0.065251
-0.002545
-0.034985
0.011298
0.005919
-0.013602
-0.076095
-0.036635
-0.055650
-0.002945
0.004730
0.017132
-0.019685
-0.042236
-0.019388
-0.066940
-0.013962
-0.003598
-0.077449
0.017957
-0.010353
-0.006948
-0.011411
-0.135108
-0.046154
-0.003854
0.042815
-0.103470
