0.013864
0.052561
0.012840
-0.010088
-0.003661
-0.005484
-0.003677
0.005330
-0.048335
0.009956
-0.030438
-0.022848
-0.019581
-0.039036
0.004485
-0.005162
0.011922
0.021053
0.072060
0.041319
-0.016974
-0.008725
0.036235
-0.029650
0.009685
0.004969
0.020062
0.026256
0.043466
0.037829
0.028100
0.040145
0.065600
0.034232
0.060960
0.087197
0.077426
0.074972
0.010983
-0.007702
-0.014382
0.025064
0.031301
-0.056333
-0.044455
-0.062997
-0.031939
-0.052236
0.008216
0.037081
0.111810
0.016207
0.010299
-0.035044
-0.035674
0.011849
-0.005072
0.032008
-0.039570
-0.011649
0.021923
0.070264
0.049670
-0.017896
-0.001103
-0.035274
-0.038154
-0.019387
-0.043828
-0.029919
-0.055263
-0.019266
-0.009495
-0.013348
0.012208
-0.029045
0.032356
-0.010933
0.014296
-0.028252
-0.018251
0.002345
0.059914
0.046236
-0.021387
-0.007891
0.041723
-0.007842
-0.058853
-0.034954
0.006825
-0.001860
0.083840
0.037674
0.032888
-0.037959
-0.036717
-0.040380
-0.021729
-0.031298
0.034348
0.015186
-0.023165
-0.010563
-0.015424
0.033568
-0.015829
-0.024136
-0.019035
-0.013224
-0.024977
-0.021155
-0.019775
-0.069075
0.002652
0.035978
0.050134
0.035959
0.013660
0.004323
0.006590
0.035154
-0.003368
-0.001788
0.004483
-0.018544
0.040963
0.034147
-0.031987
-0.033456
0.016440
-0.055454
-0.020700
0.011397
-0.011618
0.044326
0.001678
-0.044132
0.033950
0.059536
0.074164
0.029032
0.101739
0.108972
0.172188
0.213480
0.267187
0.220584
0.308744
0.404069
0.378646
0.434362
0.456459
0.493332
0.491517
0.449858
