-0.031084
-0.045329
0.010600
-0.043661
-0.015108
-0.076420
0.033138
0.005371
-0.055019
-0.008241
-0.087435
0.008872
-0.026375
-0.028770
-0.053558
-0.094947
-0.074275
0.002556
0.044680
0.009502
-0.003516
0.032392
0.012985
-0.010369
-0.042310
-0.031590
-0.051975
-0.013382
-0.055259
-0.018686
0.049946
-0.054399
0.026150
-0.002737
-0.008695
-0.057868
0.027663
0.014983
-0.027626
0.034779
0.014507
0.069405
0.055469
-0.028378
-0.038222
0.022451
0.008962
0.021270
-0.056692
0.025821
-0.038662
0.012708
0.013027
0.067976
0.009422
0.030732
0.078516
-0.021182
0.007179
0.027305
-0.070846
0.003786
0.045394
-0.012361
-0.069463
0.004422
0.019120
-0.007381
0.052925
0.016298
-0.027400
-0.036408
0.003960
0.001638
-0.038269
-0.032768
-0.026068
-0.102833
-0.035734
0.035917
0.028294
-0.030725
0.044122
0.079787
-0.033497
0.020065
0.035563
0.013771
-0.011369
-0.022784
0.020705
0.022168
0.006346
0.036052
-0.003322
0.028429
0.019593
0.035657
0.021848
-0.054556
0.014772
0.076241
0.016325
0.062280
-0.015161
-0.035626
-0.012955
-0.053175
-0.091065
-0.006665
-0.037982
-0.025335
0.034916
0.044425
0.002686
0.025250
0.022343
0.049688
0.061736
0.176478
0.010751
-0.013723
0.034928
-0.035579
-0.004630
-0.030889
-0.038034
-0.093644
-0.000131
0.047663
-0.026666
-0.008069
0.008207
-0.016432
-0.061938
-0.021235
-0.014754
0.048416
0.028284
-0.016546
-0.026199
0.033075
0.023249
0.003618
0.034659
0.035802
0.057365
0.032473
0.015528
-0.044871
-0.025575
-0.024518
0.039549
0.041177
-0.012785
-0.010809
0.057379
