0.037154
-0.014528
-0.040037
-0.017599
0.040347
0.027708
-0.011830
-0.085001
-0.125513
-0.035329
0.104041
-0.044349
-0.038614
-0.033794
-0.080896
-0.029512
0.054075
0.018221
0.007644
0.003133
0.056268
-0.008130
-0.041322
-0.051327
-0.043960
-0.020164
0.008466
0.042873
0.094648
0.079869
0.066956
0.049978
0.019284
0.024866
-0.081925
-0.048332
-0.090374
0.029807
-0.016570
-0.000423
-0.070944
-0.092263
0.007242
-0.036880
0.033457
-0.061458
0.039746
0.093676
0.097373
-0.014944
0.004832
-0.039908
0.030015
-0.067101
0.065278
-0.061937
-0.043087
-0.012691
-0.009596
-0.050213
0.002693
0.006173
-0.002605
-0.048461
0.049967
0.031984
-0.033791
-0.024079
-0.014497
0.037156
-0.018391
0.043987
-0.021030
0.038918
0.083633
0.017703
0.009949
-0.057129
-0.020019
0.023174
-0.046712
0.033476
-0.030041
-0.071175
0.024915
0.102506
0.001078
-0.001720
0.050930
0.049064
-0.012098
0.045025
0.026013
-0.042292
-0.010439
-0.030778
-0.006627
0.012223
-0.084930
0.034582
-0.009879
-0.002565
0.015089
0.003169
0.070740
-0.005186
-0.055454
-0.055809
0.053998
-0.046453
-0.067151
0.067312
0.053789
-0.016972
-0.018398
0.002612
-0.019496
0.023565
0.055924
-0.001027
0.057645
0.087000
0.030944
0.000103
-0.022571
0.037654
0.041263
0.054056
0.064545
0.004447
0.063440
0.161331
0.033692
0.054293
0.050991
0.092567
0.053313
0.124515
0.147405
0.129146
0.083798
0.219115
0.145724
0.152120
0.165210
0.295430
0.276821
0.229360
0.186279
0.211034
0.220981
0.295171
0.283101
0.210214
0.282598
0.238718
