0.000934
-0.036380
-0.024427
0.032091
0.052624
0.048959
-0.005658
-0.009855
-0.021700
-0.000826
0.018344
0.003341
0.016057
0.005934
0.047289
0.008647
0.030021
0.015246
0.006991
0.020559
0.087852
0.119671
0.161902
0.142785
0.157806
0.169033
0.214203
0.188613
0.229577
0.273570
0.334591
0.328310
0.360260
0.412338
0.426334
0.475823
0.507450
0.488184
0.517544
0.512695
0.529382
0.531649
0.509496
0.502039
0.442372
0.404840
0.398825
0.343225
0.359385
0.343351
0.317316
0.247465
0.219511
0.196794
0.179755
0.134385
0.156456
0.128179
0.114919
0.160127
0.171152
0.159277
