0.122216
0.172908
0.215334
0.166348
0.182967
0.169538
0.136386
0.165099
0.196783
0.174354
0.184682
0.188504
0.237905
0.147146
0.155930
0.134722
0.195326
0.165022
0.176529
0.136420
0.198415
0.206861
0.172734
0.243635
0.167843
0.128668
0.131758
0.206454
0.080248
0.016714
0.002873
0.052020
0.057933
0.056413
0.019858
0.043312
0.049224
0.019857
0.013511
0.030668
0.009150
-0.038124
-0.013982
-0.001436
-0.062397
-0.034913
-0.042091
-0.027854
-0.038817
0.038385
-0.042049
0.026080
-0.051176
0.051090
0.037627
0.020842
-0.038056
-0.040779
0.013182
0.045042
0.067223
0.048809
0.030049
0.011404
-0.050067
-0.021774
0.040206
-0.078915
0.022501
0.063902
0.003961
0.018442
0.037538
0.019267
0.002146
0.010587
0.002634
0.015881
-0.043683
-0.063450
0.038333
0.040668
-0.034378
0.034548
-0.073646
-0.024392
-0.028421
-0.040517
0.065257
0.001784
-0.014785
0.036328
0.061312
0.027883
-0.060731
0.071273
0.078034
-0.018702
0.036246
-0.001422
0.035795
-0.023693
-0.032586
-0.007884
-0.008602
-0.009218
-0.027963
-0.062478
0.028584
-0.010669
0.003834
-0.008770
-0.021301
-0.052751
0.000705
0.068922
0.002505
0.001569
-0.047212
0.013315
0.024076
-0.030065
-0.033422
-0.043819
-0.005047
-0.050800
-0.031985
-0.003531
-0.044814
0.031787
-0.055362
0.002188
0.020838
0.014852
-0.000838
0.075835
-0.038412
-0.004957
0.015118
0.013029
-0.038779
0.019025
-0.040053
-0.028084
0.052131
-0.022838
-0.022067
0.005826
0.024031
0.008432
0.086823
0.053947
0.013554
0.018218
0.022445
0.017195
-0.025716
